The distance from 0 to each vertex is:
  v    dist 0->v
----   ---------
  1         13
  2         11
  3         12
  4          8
  5         13
  6         10
  7         10
  8         11
  9         10
 10          9
 11          9
 12         12
 13         12
 14         12
 15         12
 16         11
 17          8
 18         14
 19         14
 20          7
 21         12
 22         11
 23         13
 24         11
 25         10
 26          9
 27          5
 28          9
 29         10
 30         12
 31         10
 32         11
 33         12
 34          9
 35         11
 36         15
 37          9
 38         13
 39         13
 40         11
 41         12
 42          9
 43         10
 44         16
 45         13
 46          8
 47          9
 48          8
 49         10
 50         11
 51         12
 52         11
 53         15
 54         10
 55         10
 56          9
 57         12
 58         10
 59         13
 60         11
 61         12
 62          6
 63         12
 64          9
 65         11
 66         14
 67         14
 68          7
 69         11
 70         12
 71          8
 72         11
 73         13
 74         11
 75         11
 76          6
 77         10
 78          8
 79         11
 80         14
 81         12
 82         13
 83          8
 84          9
 85         10
 86         13
 87         10
 88         13
 89         10
 90          8
 91          9
 92         15
 93         12
 94          8
 95         13
 96         11
 97         14
 98         13
 99         10
100         14
101         16
102          5
103         14
104          9
105          8
106         10
107          9
108          8
109          9
110         14
111         10
112         12
113          7
114         13
115         14
116          8
117         11
118          9
119         12
120         12
121         12
122         10
123          6
124         12
125         11
126         11
127         13
128         10
129         14
130         11
131         11
132         12
133         14
134         13
135          9
136         11
137         10
138          7
139         13
140         12
141         13
142         13
143         13
144         11
145         12
146         12
147         11
148         10
149          9
150          8
151         13
152         11
153         12
154         13
155         12
156          9
157         11
158         11
159          7
160          9
161         11
162         10
163          9
164         14
165         10
166          9
167         12
168         13
169         12
170          7
171         12
172          6
173         12
174         12
175         11
176          9
177         12
178         13
179         11
180         16
181          9
182         10
183         11
184          7
185         17
186         13
187          9
188         10
189          9
190         11
191          8
192         11
193         13
194         10
195         12
196         12
197         11
198         11
199         13
200          9
201          7
202         13
203         12
204          9
205         10
206         11
207          8
208         12
209         14
210         11
211          8
212         12
213         10
214          9
215         12
216          9
217         16
218         12
219         12
220         11
221          6
222          8
223         13
224          8
225         16
226         11
227          9
228          9
229         12
230         13
231         10
232         11
233         13
234          8
235         12
236         17
237         11
238         12
239         13
240         11
241         12
242         10
243         10
244         11
245         11
246         12
247         13
248          8
249          8
250         15
251         14
252         10
253         11
254          9
255         13
256         11
257         10
258         10
259          9
260         11
261         11
262         13
263         12
264         11
265         12
266         13
267         11
268          9
269         11
270          9
271         10
272         13
273          7
274         14
275         13
276          9
277         13
278          3
279          9
280         11
281         14
282         12
283         11
284         10
285         12
286          2
287          7
288         12
289         11
290         13
291         11
292          9
293         16
294         15
295         12
296          8
297         10
298         10
299         13
300         14
301         10
302         11
303          9
304         11
305         12
306         12
307         11
308         14
309         12
310         10
311         10
312         10
313         12
314          9
315          8
316         11
317         12
318          7
319         11
320          6
321          7
322          8
323         13
324          7
325         11
326         11
327          9
328         10
329         13
330         12
331         14
332         12
333         11
334         12
335         11
336         10
337          9
338         11
339         15
340         10
341         10
342         11
343         14
344         10
345         12
346         12
347         10
348         10
349         15
350          9
351          9
352         13
353         11
354          9
355         10
356          9
357         12
358          9
359          8
360         11
361          9
362         10
363          9
364         12
365         16
366         12
367         10
368         12
369         12
370         10
371          4
372         10
373          9
374          9
375          6
376         13
377         10
378         12
379         11
380         11
381         12
382         11
383         14
384          9
385          8
386         11
387         10
388         12
389         11
390         10
391          9
392         13
393          9
394         13
395         11
396         11
397         11
398         12
399          7
400         11
401         13
402         11
403         10
404         14
405         14
406          9
407          9
408          9
409         11
410         10
411         11
412         10
413          9
414         12
415          9
416         10
417         11
418         13
419         15
420          3
421         11
422         11
423         11
424          9
425         11
426         11
427         15
428          8
429          7
430         14
431         11
432         10
433         13
434          9
435         15
436          8
437         12
438         11
439         11
440         11
441         10
442         10
443         10
444         10
445         12
446         10
447          8
448         12
449         11
450         11
451         11
452          5
453         11
454         13
455          6
456         10
457          6
458         11
459         10
460          9
461         12
462          9
463          8
464          5
465         10
466         13
467         12
468         11
469          8
470         10
471         12
472         12
473         13
474          9
475         14
476         11
477         11
478         10
479         13
480         10
481         11
482          9
483         13
484         12
485          8
486         11
487         13
488         11
489         10
490         13
491         11
492         11
493         10
494         15
495         11
496         10
497         11
498         11
499         12
500         11
501         13
502         10
503         12
504         11
505         10
506         10
507         10
508         10
509         11
510         12
511         10
512         12
513         12
514         10
515          9
516         12
517         11
518         10
519         10
520          9
521         12
522         17
523         14
524          9
525          7
526          7
527          6
528         15
529         12
530         10
531         14
532          9
533         11
534         12
535         13
536         10
537          9
538         12
539          8
540         12
541         10
542          9
543          8
544         13
545          9
546         14
547         11
548         12
549         12
550         13
551         11
552          7
553         12
554         10
555         10
556         15
557         11
558         12
559         10
560         13
561         12
562         12
563         13
564         13
565         10
566         13
567          4
568         10
569          6
570         11
571         12
572          8
573         10
574         12
575         11
576         15
577          7
578         11
579         14
580          9
581          6
582         10
583          9
584         14
585         11
586         10
587         10
588         10
589         12
590         11
591         13
592         11
593         10
594         13
595          9
596          8
597         12
598         10
599         10
600         14
601         12
602         11
603          9
604          5
605         13
606         13
607         11
608         10
609         12
610         11
611         11
612          9
613         10
614          9
615         12
616         12
617         13
618         13
619         11
620          9
621         10
622         11
623         10
624         14
625         11
626         13
627         12
628         15
629         12
630         10
631         12
632         10
633         12
634         14
635         12
636         13
637         11
638          9
639         10
640          8
641         13
642         11
643         10
644         14
645         12
646         12
647         12
648         10
649         11
650         11
651         12
652         12
653         13
654         13
655         12
656         14
657         13
658         12
659         10
660         12
661          6
662         12
663          9
664         12
665         10
666         12
667         12
668         12
669          9
670          9
671          6
672          3
673         13
674         11
675         10
676          8
677         12
678         16
679         11
680         15
681         12
682          9
683          9
684         11
685         14
686         12
687         11
688         11
689         13
690         11
691          8
692          9
693         11
694         12
695          7
696         13
697         11
698         11
699         13
700         10
701          9
702         14
703         10
704         11
705         14
706         13
707         12
708         16
709          5
710         14
711         11
712         11
713         13
714          7
715          7
716         10
717         13
718         13
719         12
720         13
721          9
722         10
723         12
724         12
725         11
726         13
727         10
728         13
729         15
730          8
731         12
732          8
733         11
734          8
735         12
736         12
737         14
738         10
739         12
740          9
741         15
742         11
743          9
744         10
745         12
746         13
747         14
748         12
749         11
750         11
751          9
752         12
753         14
754         13
755         10
756         14
757         11
758         13
759          9
760          7
761         13
762         11
763          7
764         12
765          8
766         10
767         13
768         13
769         11
770         10
771          7
772          9
773         13
774          9
775         14
776          7
777         12
778          7
779         12
780         16
781         11
782         12
783         15
784         16
785         10
786         11
787          8
788         11
789          9
790         10
791          6
792          7
793         13
794         12
795         12
796         12
797          8
798         11
799         11
800          9
801          3
802         14
803         15
804          8
805         10
806         10
807          8
808          8
809         12
810         10
811         12
812         12
813         11
814          9
815          8
816         11
817         12
818         12
819         11
820          9
821          1
822          9
823         14
824         10
825         12
826         11
827          7
828         12
829         11
830          7
831         10
832         13
833          9
834         11
835          8
836         10
837         13
838          9
839         13
840         10
841          9
842          7
843         10
844         13
845         10
846          9
847         11
848         12
849         11
850          9
851          8
852         12
853         15
854         15
855          9
856         10
857         13
858         11
859         11
860         15
861         11
862          9
863          9
864         10
865          8
866          7
867         12
868         12
869         16
870         14
871         11
872          8
873          9
874         12
875         11
876          9
877         10
878          7
879         15
880         11
881          8
882         12
883         12
884          7
885         13
886         11
887         11
888         13
889          8
890         11
891         13
892          9
893         11
894         10
895         12
896          8
897          9
898          9
899         12
900         10
901         12
902          7
903         12
904         14
905          7
906          7
907         12
908         10
909         12
910         11
911          9
912          8
913         12
914         11
915          3
916         10
917         12
918          9
919         12
920          9
921         10
922         12
923         12
924         11
925          7
926          5
927         13
928         13
929         10
930         10
931          8
932         13
933         16
934         15
935         10
936         14
937         12
938         13
939          9
940         13
941          8
942          5
943         12
944         15
945         13
946         12
947         12
948         11
949         13
950         10
951         12
952         12
953         14
954         11
955         14
956         12
957         12
958         11
959          8
960          9
961         10
962         13
963          8
964         11
965          6
966         13
967         12
968         12
969          9
970         10
971          8
972          9
973         13
974         12
975         11
976         10
977         11
978         11
979         10
980         13
981         15
982         10
983         11
984         11
985          9
986          9
987         13
988         11
989         15
990         10
991          8
992          9
993         12
994          7
995         10
996         10
997          9
998         11
999         11

