The shortest path from 0 to each vertex is:
  v     Path 0->v
----    ---------
  1:    0 821 962 767 1824 1 
  2:    0 420 1701 564 1379 2 
  3:    0 821 700 1577 1945 1078 1774 3 
  4:    0 821 700 1213 691 1162 1427 4 
  5:    0 821 700 1577 1912 598 5 
  6:    0 821 700 1260 1969 984 6 
  7:    0 821 700 1577 1912 7 
  8:    0 1954 1851 36 8 
  9:    0 821 700 1213 9 
 10:    0 821 962 1435 895 10 
 11:    0 1954 1851 1932 11 
 12:    0 821 700 1577 12 
 13:    0 915 1404 587 13 
 14:    0 821 208 1984 1159 374 14 
 15:    0 821 700 1213 38 287 1620 15 
 16:    0 1954 989 773 16 
 17:    0 1954 1851 221 1693 17 
 18:    0 821 208 1208 1363 239 18 
 19:    0 821 962 941 310 1395 19 
 20:    0 1954 937 157 1200 417 20 
 21:    0 1954 450 21 
 22:    0 1954 837 245 795 579 22 
 23:    0 821 355 1049 963 23 
 24:    0 1954 1316 74 24 
 25:    0 821 962 970 1548 1287 25 
 26:    0 821 700 1213 691 1466 26 
 27:    0 278 27 
 28:    0 1954 450 126 361 28 
 29:    0 1954 937 148 669 1150 29 
 30:    0 278 71 30 
 31:    0 1954 937 148 669 1150 31 
 32:    0 821 208 1208 569 135 1592 32 
 33:    0 821 962 941 310 1117 249 33 
 34:    0 821 208 1208 1363 34 
 35:    0 821 208 1984 902 664 469 35 
 36:    0 1954 1851 36 
 37:    0 278 27 37 
 38:    0 821 700 1213 38 
 39:    0 821 208 1984 39 
 40:    0 821 355 1972 1209 142 40 
 41:    0 821 962 1435 1345 1067 1759 41 
 42:    0 420 1701 564 42 
 43:    0 821 962 1435 1612 1373 43 
 44:    0 915 1518 44 
 45:    0 821 1672 1197 45 
 46:    0 286 1517 46 
 47:    0 821 208 1984 829 1323 69 47 
 48:    0 821 1672 516 499 48 
 49:    0 821 700 1577 1072 217 49 
 50:    0 821 962 50 
 51:    0 278 51 
 52:    0 420 1701 52 
 53:    0 821 355 1972 1209 53 
 54:    0 821 962 941 310 1117 249 54 
 55:    0 1954 1851 1894 55 
 56:    0 821 700 1260 1115 1042 56 
 57:    0 821 700 1577 1912 722 57 
 58:    0 821 1672 1197 58 
 59:    0 821 208 1208 1363 59 
 60:    0 1954 1624 122 60 
 61:    0 821 355 554 387 824 61 
 62:    0 821 700 380 1726 854 62 
 63:    0 821 208 1208 569 135 63 
 64:    0 821 700 1213 691 526 282 1198 64 
 65:    0 821 700 1260 1420 1799 65 
 66:    0 821 700 1577 1072 217 49 66 
 67:    0 821 355 826 67 
 68:    0 1954 1624 478 1327 68 
 69:    0 821 208 1984 829 1323 69 
 70:    0 1954 937 717 70 
 71:    0 278 71 
 72:    0 821 962 767 1294 72 
 73:    0 821 962 767 1824 1481 73 
 74:    0 1954 1316 74 
 75:    0 1920 161 898 75 
 76:    0 76 
 77:    0 821 962 1435 1612 1615 77 
 78:    0 1520 913 78 
 79:    0 1954 837 1813 79 
 80:    0 1954 937 1069 1736 1340 599 80 
 81:    0 1954 1851 1894 813 1406 116 81 
 82:    0 1954 937 1069 1034 1852 876 82 
 83:    0 1954 1624 122 974 919 83 
 84:    0 821 355 1049 1673 576 84 
 85:    0 1954 937 157 85 
 86:    0 821 962 767 1294 86 
 87:    0 1954 937 148 669 1360 87 
 88:    0 821 962 1435 1345 904 88 
 89:    0 821 208 1208 281 1061 806 1488 89 
 90:    0 821 956 90 
 91:    0 1954 1316 74 24 91 
 92:    0 821 956 1348 92 
 93:    0 821 700 1260 93 
 94:    0 821 208 94 
 95:    0 821 208 1984 829 95 
 96:    0 420 128 96 
 97:    0 821 1672 968 97 
 98:    0 821 700 1213 105 261 414 98 
 99:    0 821 700 1260 1115 1042 56 99 
100:    0 915 1518 100 
101:    0 1954 837 312 1315 1850 101 
102:    0 821 700 690 102 
103:    0 821 700 1002 103 
104:    0 821 1803 1358 1218 104 
105:    0 821 700 1213 105 
106:    0 821 962 970 1548 779 106 
107:    0 821 700 1213 691 107 
108:    0 1163 1086 475 108 
109:    0 821 208 1984 902 109 
110:    0 821 700 380 1726 394 110 
111:    0 821 962 1435 1345 904 111 
112:    0 821 208 1984 902 109 112 
113:    0 821 355 826 1099 372 113 
114:    0 1954 937 1069 1736 629 114 
115:    0 821 962 115 
116:    0 1954 1851 1894 813 1406 116 
117:    0 1954 1624 798 1443 1858 117 
118:    0 821 700 1213 105 261 118 
119:    0 821 208 1208 281 1061 747 119 
120:    0 1954 937 1271 1648 830 120 
121:    0 278 568 121 
122:    0 1954 1624 122 
123:    0 821 700 1260 260 123 
124:    0 420 1701 124 
125:    0 1954 1624 478 125 
126:    0 1954 450 126 
127:    0 1954 989 1299 127 
128:    0 420 128 
129:    0 821 208 444 129 
130:    0 821 962 1435 1345 130 
131:    0 821 962 970 770 131 
132:    0 1954 937 601 1498 132 
133:    0 821 700 380 187 133 
134:    0 821 700 1002 1896 134 
135:    0 821 208 1208 569 135 
136:    0 1954 837 312 1315 136 
137:    0 821 355 554 137 
138:    0 138 
139:    0 1954 937 1271 139 
140:    0 821 208 730 140 
141:    0 286 1796 141 
142:    0 821 355 1972 1209 142 
143:    0 821 355 247 334 143 
144:    0 821 355 826 144 
145:    0 821 355 1972 1307 145 
146:    0 821 355 826 146 
147:    0 1954 837 312 1516 1318 739 147 
148:    0 1954 937 148 
149:    0 821 700 1213 691 1607 149 
150:    0 821 962 941 150 
151:    0 821 208 1208 1363 805 151 
152:    0 821 700 684 152 
153:    0 821 962 941 897 153 
154:    0 821 700 1260 154 
155:    0 821 1672 1197 1823 401 155 
156:    0 1954 1624 478 156 
157:    0 1954 937 157 
158:    0 821 208 1984 215 1021 158 
159:    0 821 208 1208 569 135 159 
160:    0 821 700 1213 38 287 1205 160 
161:    0 1920 161 
162:    0 821 355 554 162 
163:    0 821 1672 1197 1805 163 
164:    0 1954 937 601 929 164 
165:    0 821 208 1984 829 165 
166:    0 1954 1851 1932 840 166 
167:    0 821 700 1213 691 526 282 167 
168:    0 286 1199 168 
169:    0 821 355 1965 1023 169 
170:    0 821 962 1435 1345 904 170 
171:    0 821 700 1213 484 1910 171 
172:    0 420 172 
173:    0 76 173 
174:    0 821 1803 1358 174 
175:    0 1954 837 312 1425 175 
176:    0 821 700 1002 648 1132 176 
177:    0 821 700 1577 207 177 
178:    0 821 355 826 1529 178 
179:    0 286 1199 1064 179 
180:    0 821 700 1577 1072 180 
181:    0 1954 1624 798 1443 181 
182:    0 821 700 1577 1945 1078 182 
183:    0 278 575 183 
184:    0 821 700 1577 336 184 
185:    0 821 700 1002 1896 185 
186:    0 1920 186 
187:    0 821 700 380 187 
188:    0 1954 937 1172 188 
189:    0 821 700 1213 691 189 
190:    0 1954 937 148 669 190 
191:    0 821 700 1577 1945 1143 191 
192:    0 821 1803 1358 192 
193:    0 821 700 1213 9 193 
194:    0 1954 1851 1894 296 194 
195:    0 821 208 1984 829 1323 195 
196:    0 1954 937 148 665 1853 196 
197:    0 821 962 941 310 197 
198:    0 821 700 1213 691 189 1492 198 
199:    0 1954 1624 122 1609 1020 199 
200:    0 1954 937 1271 1648 1845 200 
201:    0 821 962 201 
202:    0 286 1517 202 
203:    0 821 700 1260 1115 1042 203 
204:    0 1954 989 1299 1601 204 
205:    0 821 962 970 1047 205 
206:    0 1163 1086 1978 817 206 
207:    0 821 700 1577 207 
208:    0 821 208 
209:    0 1954 1851 1894 900 209 
210:    0 1954 937 601 1292 931 210 
211:    0 211 
212:    0 821 700 380 1726 557 212 
213:    0 821 208 1208 281 213 
214:    0 821 208 1428 214 
215:    0 821 208 1984 215 
216:    0 278 772 415 216 
217:    0 821 700 1577 1072 217 
218:    0 420 128 218 
219:    0 821 700 1577 1945 1575 219 
220:    0 821 700 1577 1945 1078 434 220 
221:    0 1954 1851 221 
222:    0 821 700 1260 409 925 222 
223:    0 1954 937 1069 1736 590 423 1121 223 
224:    0 821 700 690 986 1826 224 
225:    0 821 700 1213 484 1910 524 225 
226:    0 1954 1316 226 
227:    0 1920 227 
228:    0 821 355 1049 963 23 228 
229:    0 821 700 1213 691 189 1492 198 229 
230:    0 821 208 1984 902 326 230 
231:    0 821 208 1208 1363 239 231 
232:    0 821 700 1577 1945 1078 1774 277 232 
233:    0 821 962 941 897 233 
234:    0 821 700 1260 1420 1799 234 
235:    0 1954 450 1664 235 
236:    0 1954 450 126 1248 236 
237:    0 1954 1624 122 974 918 237 
238:    0 1954 937 157 995 238 
239:    0 821 208 1208 1363 239 
240:    0 420 128 96 240 
241:    0 1163 1086 1866 241 
242:    0 821 700 1213 105 242 
243:    0 821 208 1208 1363 805 404 243 
244:    0 1954 937 489 1622 244 
245:    0 1954 837 245 
246:    0 1954 989 307 1699 246 
247:    0 821 355 247 
248:    0 1954 937 601 1292 248 
249:    0 821 962 941 310 1117 249 
250:    0 821 700 1213 9 250 
251:    0 1954 937 1069 1736 251 
252:    0 821 355 1049 252 
253:    0 821 700 1577 701 253 
254:    0 821 956 618 254 
255:    0 1954 937 148 665 1853 255 
256:    0 1163 1086 1978 1141 256 
257:    0 1163 1086 1978 257 
258:    0 1954 937 1069 1034 1852 258 
259:    0 1954 1851 1932 259 
260:    0 821 700 1260 260 
261:    0 821 700 1213 105 261 
262:    0 1163 262 
263:    0 1163 643 263 
264:    0 821 1803 1698 264 
265:    0 1954 937 148 669 1150 265 
266:    0 821 208 1503 266 
267:    0 1954 1851 221 267 
268:    0 821 208 1208 1363 1180 268 
269:    0 821 956 1348 269 
270:    0 1954 1624 122 1974 518 270 
271:    0 821 962 1435 271 
272:    0 915 541 272 
273:    0 821 208 1208 281 1061 806 273 
274:    0 821 700 1213 38 732 274 
275:    0 1920 1092 275 
276:    0 420 276 
277:    0 821 700 1577 1945 1078 1774 277 
278:    0 278 
279:    0 821 700 1213 38 287 1205 1617 279 
280:    0 1954 837 312 1516 1318 739 280 
281:    0 821 208 1208 281 
282:    0 821 700 1213 691 526 282 
283:    0 821 1672 1197 45 432 283 
284:    0 821 700 380 855 284 
285:    0 821 700 380 1726 394 285 
286:    0 286 
287:    0 821 700 1213 38 287 
288:    0 1954 1624 478 1327 68 288 
289:    0 821 700 1213 105 261 289 
290:    0 1954 1851 1894 290 
291:    0 821 700 1213 105 261 118 1611 291 
292:    0 821 700 1577 1945 1078 292 
293:    0 821 1035 1137 293 
294:    0 1954 937 1981 294 
295:    0 821 962 1435 295 
296:    0 1954 1851 1894 296 
297:    0 821 355 1899 297 
298:    0 1954 1851 221 267 298 
299:    0 1954 1851 299 
300:    0 821 700 1577 1945 1078 300 
301:    0 1954 1624 798 1662 301 
302:    0 821 700 1577 302 
303:    0 821 1672 1197 45 303 
304:    0 821 962 1435 1345 1496 304 
305:    0 915 1518 936 305 
306:    0 821 962 970 1749 849 1252 306 
307:    0 1954 989 307 
308:    0 821 355 1965 1165 308 
309:    0 1954 1851 1894 813 1406 309 
310:    0 821 962 941 310 
311:    0 821 956 311 
312:    0 1954 837 312 
313:    0 1954 1624 478 1327 68 313 
314:    0 1163 314 
315:    0 1954 837 1813 315 
316:    0 821 355 1049 1673 316 
317:    0 1954 1851 317 
318:    0 420 1701 564 764 916 318 
319:    0 821 962 970 770 131 319 
320:    0 821 700 1213 38 287 1205 320 
321:    0 821 962 941 310 1117 1098 321 
322:    0 821 700 1260 1115 1103 322 
323:    0 821 962 970 1047 323 
324:    0 1954 937 861 905 324 
325:    0 1954 837 312 626 325 
326:    0 821 208 1984 902 326 
327:    0 1954 1851 1894 1237 844 327 
328:    0 821 962 1435 1612 1063 328 
329:    0 821 208 1208 1363 329 
330:    0 821 962 941 897 1530 330 
331:    0 821 962 767 1824 1481 331 
332:    0 1954 937 1172 1193 332 
333:    0 1954 1066 333 
334:    0 821 355 247 334 
335:    0 1954 989 335 
336:    0 821 700 1577 336 
337:    0 821 208 1208 337 
338:    0 821 208 1208 1363 239 338 
339:    0 1954 937 1271 1648 339 
340:    0 1954 837 312 340 
341:    0 1954 989 307 341 
342:    0 1920 161 537 342 
343:    0 821 208 1503 343 
344:    0 286 344 
345:    0 821 700 1002 1681 345 
346:    0 821 208 1984 902 1841 1786 346 
347:    0 1954 837 312 1191 347 
348:    0 821 700 1213 1354 348 
349:    0 821 355 1049 755 349 
350:    0 1954 937 148 669 1150 350 
351:    0 821 208 1984 39 351 
352:    0 821 962 115 352 
353:    0 1954 937 148 665 353 
354:    0 821 962 1435 1345 354 
355:    0 821 355 
356:    0 821 700 1213 356 
357:    0 821 700 1260 1115 1103 357 
358:    0 1954 450 1664 381 358 
359:    0 821 700 1577 701 923 359 
360:    0 821 700 380 1726 394 360 
361:    0 1954 450 126 361 
362:    0 821 962 1435 895 1819 362 
363:    0 821 208 363 
364:    0 821 700 364 
365:    0 1954 937 1069 1034 1852 365 
366:    0 1954 1851 221 366 
367:    0 1954 937 1069 1736 590 423 367 
368:    0 1954 989 307 1699 368 
369:    0 1163 1086 1978 369 
370:    0 821 355 1049 1673 576 370 
371:    0 821 208 1208 1363 805 371 
372:    0 821 355 826 1099 372 
373:    0 821 355 554 387 373 
374:    0 821 208 1984 1159 374 
375:    0 821 962 941 150 375 
376:    0 821 208 1984 902 376 
377:    0 821 962 1435 1612 1373 43 377 
378:    0 821 962 1435 1612 1373 378 
379:    0 821 700 1002 1896 1987 1707 379 
380:    0 821 700 380 
381:    0 1954 450 1664 381 
382:    0 821 355 1972 1209 53 382 
383:    0 821 700 1577 701 1791 383 
384:    0 821 208 1428 214 384 
385:    0 821 700 1213 38 287 1205 160 385 
386:    0 1954 937 1069 1639 386 
387:    0 821 355 554 387 
388:    0 420 128 96 388 
389:    0 821 208 1503 389 
390:    0 821 700 1577 1945 1078 894 390 
391:    0 1954 937 1981 294 391 
392:    0 821 208 363 392 
393:    0 821 962 941 310 1117 1070 393 
394:    0 821 700 380 1726 394 
395:    0 821 1803 1698 395 
396:    0 821 700 380 1726 394 396 
397:    0 821 355 1972 1209 397 
398:    0 821 208 730 1947 398 
399:    0 821 355 1899 297 982 399 
400:    0 420 1701 564 764 916 400 
401:    0 821 1672 1197 1823 401 
402:    0 821 208 1208 1363 869 1563 868 402 
403:    0 1954 937 1069 1034 1852 403 
404:    0 821 208 1208 1363 805 404 
405:    0 821 956 405 
406:    0 821 700 1260 1115 1103 406 
407:    0 278 407 
408:    0 1954 408 
409:    0 821 700 1260 409 
410:    0 821 700 1577 448 410 
411:    0 821 208 730 411 
412:    0 1954 1624 798 412 
413:    0 1954 937 1271 413 
414:    0 821 700 1213 105 261 414 
415:    0 278 772 415 
416:    0 821 208 1984 902 1841 416 
417:    0 1954 937 157 1200 417 
418:    0 821 355 1049 418 
419:    0 821 208 1503 419 
420:    0 420 
421:    0 1163 835 1414 421 
422:    0 1954 1851 36 422 
423:    0 1954 937 1069 1736 590 423 
424:    0 821 700 1260 1420 424 
425:    0 1954 989 1299 1601 425 
426:    0 821 962 767 632 426 
427:    0 1954 1624 798 1309 427 
428:    0 821 700 380 1726 394 396 428 
429:    0 821 208 1208 281 1061 806 429 
430:    0 1954 937 1271 430 
431:    0 1954 1851 1932 431 
432:    0 821 1672 1197 45 432 
433:    0 821 700 1213 38 1296 433 
434:    0 821 700 1577 1945 1078 434 
435:    0 1954 1316 792 481 435 
436:    0 821 700 1260 1115 436 
437:    0 1954 937 148 669 437 
438:    0 821 700 438 
439:    0 821 355 1049 1673 576 439 
440:    0 821 700 1213 105 440 
441:    0 1954 937 1069 1639 386 441 
442:    0 821 442 
443:    0 1954 937 789 443 
444:    0 821 208 444 
445:    0 1954 937 148 669 1360 445 
446:    0 1163 1086 1866 241 446 
447:    0 1954 937 148 669 447 
448:    0 821 700 1577 448 
449:    0 821 700 1213 38 763 449 
450:    0 1954 450 
451:    0 1954 937 1172 451 
452:    0 1954 937 148 665 452 
453:    0 1920 600 453 
454:    0 821 700 1577 1912 1840 454 
455:    0 1954 989 1299 1601 455 
456:    0 420 1701 564 764 1582 456 
457:    0 821 208 1208 1363 239 1523 1101 457 
458:    0 915 1518 44 458 
459:    0 1954 837 245 459 
460:    0 821 208 1984 39 351 951 460 
461:    0 821 208 1984 39 351 461 
462:    0 821 700 1577 448 462 
463:    0 420 1701 463 
464:    0 821 355 826 1099 464 
465:    0 1954 937 1271 1648 339 465 
466:    0 821 208 1503 466 
467:    0 821 807 467 
468:    0 821 208 1208 468 
469:    0 821 208 1984 902 664 469 
470:    0 1954 1624 798 1980 470 
471:    0 821 208 1984 829 1323 471 
472:    0 1954 937 148 665 811 472 
473:    0 821 700 1577 12 594 473 
474:    0 1954 937 717 474 
475:    0 1163 1086 475 
476:    0 1954 1624 478 125 476 
477:    0 821 208 1984 215 477 
478:    0 1954 1624 478 
479:    0 1954 937 1069 1736 882 479 
480:    0 821 962 767 1381 480 
481:    0 1954 1316 792 481 
482:    0 1954 1624 798 1980 482 
483:    0 1954 937 148 669 1150 1508 483 
484:    0 821 700 1213 484 
485:    0 1954 937 157 604 485 
486:    0 1920 486 
487:    0 821 700 1577 1912 7 487 
488:    0 821 700 1213 38 1571 1344 488 
489:    0 1954 937 489 
490:    0 821 208 444 490 
491:    0 821 355 1972 1307 491 
492:    0 1954 1851 1894 296 492 
493:    0 821 700 1002 1896 493 
494:    0 821 807 494 
495:    0 821 355 554 387 495 
496:    0 821 700 1213 38 1571 496 
497:    0 821 208 1984 215 949 497 
498:    0 821 700 1213 484 1055 498 
499:    0 821 1672 516 499 
500:    0 1954 837 620 500 
501:    0 821 501 
502:    0 821 700 1260 1115 678 502 
503:    0 1954 937 1526 503 
504:    0 1954 937 1069 504 
505:    0 1954 1851 1894 296 194 505 
506:    0 1954 937 1069 1736 251 1013 1705 506 
507:    0 1920 161 537 507 
508:    0 821 355 1049 508 
509:    0 821 1803 1358 1218 509 
510:    0 821 700 1213 1276 510 
511:    0 821 962 767 1501 511 
512:    0 1954 937 953 512 
513:    0 1954 1316 792 481 513 
514:    0 821 355 514 
515:    0 821 700 1577 12 515 
516:    0 821 1672 516 
517:    0 821 962 1435 1345 1067 517 
518:    0 1954 1624 122 1974 518 
519:    0 1954 937 1069 1736 744 519 
520:    0 278 27 520 
521:    0 915 1518 521 
522:    0 420 1701 564 764 1582 522 
523:    0 1954 837 245 523 
524:    0 821 700 1213 484 1910 524 
525:    0 821 700 1577 207 525 
526:    0 821 700 1213 691 526 
527:    0 1954 1851 1894 813 527 
528:    0 915 863 528 
529:    0 1954 1624 798 1443 1225 529 
530:    0 1954 1066 530 
531:    0 821 962 531 
532:    0 821 962 941 897 1530 532 
533:    0 1920 161 898 533 
534:    0 821 208 1984 902 664 469 534 
535:    0 1954 937 1069 1736 590 535 
536:    0 915 1518 536 
537:    0 1920 161 537 
538:    0 821 208 1984 215 1021 158 538 
539:    0 821 962 767 1824 1 539 
540:    0 1954 450 1664 540 
541:    0 915 541 
542:    0 821 208 1208 1363 805 404 542 
543:    0 1954 937 1069 1034 572 543 
544:    0 1954 937 148 665 452 544 
545:    0 821 700 1213 38 287 545 
546:    0 1954 1851 221 267 1156 546 
547:    0 1954 937 148 665 811 547 
548:    0 821 700 380 1726 1808 1568 548 
549:    0 1954 1624 478 549 
550:    0 915 541 550 
551:    0 821 1803 1698 822 551 
552:    0 1920 161 1241 552 
553:    0 821 700 1079 1989 553 
554:    0 821 355 554 
555:    0 821 208 1984 839 1253 555 
556:    0 821 355 1965 556 
557:    0 821 700 380 1726 557 
558:    0 821 962 1435 1612 1063 558 
559:    0 821 700 1213 484 1179 559 
560:    0 1163 1086 1978 560 
561:    0 821 700 1577 1912 1840 561 
562:    0 1954 450 562 
563:    0 1954 1851 1894 1237 563 
564:    0 420 1701 564 
565:    0 1954 837 1226 565 
566:    0 821 208 730 566 
567:    0 821 962 1435 1612 1732 567 
568:    0 278 568 
569:    0 821 208 1208 569 
570:    0 1920 161 1241 570 
571:    0 1954 1851 36 571 
572:    0 1954 937 1069 1034 572 
573:    0 915 1416 1210 573 
574:    0 821 700 1213 1011 574 
575:    0 278 575 
576:    0 821 355 1049 1673 576 
577:    0 1954 1624 798 1309 577 
578:    0 821 700 690 578 
579:    0 1954 837 245 795 579 
580:    0 821 700 1260 1115 1042 56 580 
581:    0 1954 408 581 
582:    0 915 1404 587 582 
583:    0 1954 450 126 1248 583 
584:    0 1163 1086 1978 584 
585:    0 821 700 1577 1912 585 
586:    0 1954 1851 36 422 586 
587:    0 915 1404 587 
588:    0 821 700 1577 336 1806 646 588 
589:    0 1954 1851 589 
590:    0 1954 937 1069 1736 590 
591:    0 821 208 1984 902 1841 416 591 
592:    0 1954 1851 589 1714 592 
593:    0 821 700 1213 38 287 1599 593 
594:    0 821 700 1577 12 594 
595:    0 1954 450 1664 595 
596:    0 915 1404 587 596 
597:    0 821 208 597 
598:    0 821 700 1577 1912 598 
599:    0 1954 937 1069 1736 1340 599 
600:    0 1920 600 
601:    0 1954 937 601 
602:    0 915 541 272 602 
603:    0 821 962 1435 1345 904 111 603 
604:    0 1954 937 157 604 
605:    0 278 71 605 
606:    0 821 962 941 310 1117 606 
607:    0 821 962 767 1824 607 
608:    0 821 208 1208 569 135 608 
609:    0 420 1701 564 764 609 
610:    0 278 71 30 610 
611:    0 1954 937 148 665 611 
612:    0 821 962 1435 1345 1695 612 
613:    0 821 208 1208 569 135 613 
614:    0 1954 937 1069 1736 629 614 
615:    0 420 1701 564 1379 615 
616:    0 821 700 1577 1912 585 616 
617:    0 1954 450 126 1248 617 
618:    0 821 956 618 
619:    0 821 700 1577 1945 1078 894 619 
620:    0 1954 837 620 
621:    0 821 700 1213 38 732 621 
622:    0 1954 937 601 622 
623:    0 821 355 623 
624:    0 821 208 1984 902 624 
625:    0 915 541 625 
626:    0 1954 837 312 626 
627:    0 821 700 1577 207 627 
628:    0 1954 1851 1894 813 1130 628 
629:    0 1954 937 1069 1736 629 
630:    0 821 208 730 411 630 
631:    0 420 128 96 631 
632:    0 821 962 767 632 
633:    0 1954 937 157 604 633 
634:    0 821 700 1213 691 189 634 
635:    0 1954 937 157 604 485 890 635 
636:    0 821 962 1435 895 790 636 
637:    0 278 27 637 
638:    0 1954 837 1813 315 638 
639:    0 821 1672 1197 639 
640:    0 821 208 1208 1363 34 640 
641:    0 915 1416 641 
642:    0 821 355 1049 1673 576 642 
643:    0 1163 643 
644:    0 821 700 1577 1912 585 644 
645:    0 1954 937 1172 645 
646:    0 821 700 1577 336 1806 646 
647:    0 1163 1086 647 
648:    0 821 700 1002 648 
649:    0 821 355 1049 649 
650:    0 1954 937 717 474 650 
651:    0 1954 450 1664 1297 651 
652:    0 821 208 1984 829 1911 1190 652 
653:    0 1954 1851 1894 813 1347 653 
654:    0 821 1672 1197 1823 401 654 
655:    0 821 700 1260 1115 655 
656:    0 1941 656 
657:    0 1954 937 1526 657 
658:    0 821 700 1213 105 261 658 
659:    0 1954 937 1069 1736 629 114 659 
660:    0 821 700 380 1726 854 660 
661:    0 1954 1624 122 1609 661 
662:    0 1954 1624 798 1443 1858 662 
663:    0 1954 937 1271 413 663 
664:    0 821 208 1984 902 664 
665:    0 1954 937 148 665 
666:    0 1954 1316 1487 1430 666 
667:    0 1954 1851 1894 813 1130 667 
668:    0 821 355 554 1469 668 
669:    0 1954 937 148 669 
670:    0 1920 161 670 
671:    0 821 355 1972 671 
672:    0 1954 1851 1894 1604 672 
673:    0 915 1518 936 673 
674:    0 915 541 674 
675:    0 821 208 1984 39 351 951 675 
676:    0 1954 450 1664 847 676 
677:    0 821 208 1984 902 1841 677 
678:    0 821 700 1260 1115 678 
679:    0 821 700 679 
680:    0 1954 1851 221 366 1478 680 
681:    0 821 962 681 
682:    0 821 700 1577 701 923 682 
683:    0 1954 937 1069 1736 744 1658 683 
684:    0 821 700 684 
685:    0 821 700 1260 1115 1042 685 
686:    0 821 700 1577 1912 7 686 
687:    0 915 687 
688:    0 821 1803 688 
689:    0 821 700 1213 691 526 282 689 
690:    0 821 700 690 
691:    0 821 700 1213 691 
692:    0 821 208 1208 569 135 692 
693:    0 1954 837 312 693 
694:    0 420 1400 694 
695:    0 1954 937 148 669 1150 31 695 
696:    0 1954 1851 589 696 
697:    0 1954 989 1299 1782 697 
698:    0 821 700 1577 1912 778 698 
699:    0 1920 1092 699 
700:    0 821 700 
701:    0 821 700 1577 701 
702:    0 1954 937 702 
703:    0 821 962 1435 895 1819 703 
704:    0 821 962 941 897 1530 330 704 
705:    0 1163 262 1026 705 
706:    0 821 700 690 706 
707:    0 1954 1624 478 125 707 
708:    0 821 962 1435 895 708 
709:    0 1954 989 773 709 
710:    0 1954 837 312 693 710 
711:    0 1954 1316 1487 711 
712:    0 821 208 1428 1212 712 
713:    0 1163 713 
714:    0 821 962 970 1548 714 
715:    0 1954 837 312 1516 715 
716:    0 1954 837 312 716 
717:    0 1954 937 717 
718:    0 1954 1851 36 422 718 
719:    0 821 962 1435 895 790 719 
720:    0 821 700 1213 691 526 720 
721:    0 821 208 1208 281 1061 721 
722:    0 821 700 1577 1912 722 
723:    0 821 700 1577 1945 1575 723 
724:    0 1920 724 
725:    0 420 128 896 725 
726:    0 821 700 1213 691 831 726 
727:    0 1163 262 727 
728:    0 821 700 1577 1912 778 728 
729:    0 821 700 380 855 729 
730:    0 821 208 730 
731:    0 915 541 272 731 
732:    0 821 700 1213 38 732 
733:    0 278 733 
734:    0 1954 937 157 85 734 
735:    0 1954 937 1271 735 
736:    0 821 700 1577 12 862 736 
737:    0 1954 937 1069 1736 744 1658 737 
738:    0 1954 937 157 1505 738 
739:    0 1954 837 312 1516 1318 739 
740:    0 821 208 1984 740 
741:    0 821 355 826 1153 1739 741 
742:    0 420 1701 926 742 
743:    0 821 1803 1698 743 
744:    0 1954 937 1069 1736 744 
745:    0 821 700 1577 1945 1575 219 745 
746:    0 821 208 1503 343 746 
747:    0 821 208 1208 281 1061 747 
748:    0 1954 408 748 
749:    0 821 700 1213 484 749 
750:    0 278 27 1914 750 
751:    0 821 1803 1698 751 
752:    0 1954 937 157 752 
753:    0 915 1518 521 1001 753 
754:    0 1954 937 1069 1736 744 788 754 
755:    0 821 355 1049 755 
756:    0 1954 1851 1932 756 
757:    0 1954 837 1813 315 757 
758:    0 1163 1086 1978 1141 758 
759:    0 915 1518 536 1939 1288 759 
760:    0 1954 937 148 1712 760 
761:    0 1163 1086 1964 761 
762:    0 821 208 1208 1363 869 1563 762 
763:    0 821 700 1213 38 763 
764:    0 420 1701 564 764 
765:    0 821 208 1984 829 765 
766:    0 821 208 1984 902 1841 416 591 766 
767:    0 821 962 767 
768:    0 420 128 991 768 
769:    0 915 541 769 
770:    0 821 962 970 770 
771:    0 1954 1316 226 771 
772:    0 278 772 
773:    0 1954 989 773 
774:    0 821 700 1260 1115 774 
775:    0 278 27 1085 775 
776:    0 1954 1624 798 776 
777:    0 821 700 1213 105 261 777 
778:    0 821 700 1577 1912 778 
779:    0 821 962 970 1548 779 
780:    0 1954 837 620 780 
781:    0 1954 937 148 669 1360 87 781 
782:    0 821 700 1213 691 1466 782 
783:    0 821 208 783 
784:    0 821 355 784 
785:    0 821 355 1049 785 
786:    0 278 27 786 
787:    0 821 208 1208 787 
788:    0 1954 937 1069 1736 744 788 
789:    0 1954 937 789 
790:    0 821 962 1435 895 790 
791:    0 1954 1851 1152 927 791 
792:    0 1954 1316 792 
793:    0 915 1518 536 1939 793 
794:    0 821 700 380 1726 557 794 
795:    0 1954 837 245 795 
796:    0 420 1375 796 
797:    0 821 700 1577 1912 1840 797 
798:    0 1954 1624 798 
799:    0 821 700 799 
800:    0 1954 1624 122 800 
801:    0 1954 450 1664 1018 801 
802:    0 821 355 1972 1209 397 802 
803:    0 1920 161 898 803 
804:    0 821 355 1965 804 
805:    0 821 208 1208 1363 805 
806:    0 821 208 1208 281 1061 806 
807:    0 821 807 
808:    0 821 208 1208 337 808 
809:    0 1954 1851 1894 296 809 
810:    0 1954 1851 221 267 834 810 
811:    0 1954 937 148 665 811 
812:    0 821 355 1965 812 
813:    0 1954 1851 1894 813 
814:    0 1954 1624 122 1609 1020 814 
815:    0 821 700 1213 105 261 1370 815 
816:    0 821 700 1577 1945 1078 816 
817:    0 1163 1086 1978 817 
818:    0 420 1701 564 818 
819:    0 821 962 1435 1612 1615 77 819 
820:    0 821 700 1213 38 820 
821:    0 821 
822:    0 821 1803 1698 822 
823:    0 821 700 380 855 823 
824:    0 821 355 554 387 824 
825:    0 821 208 1208 1363 805 825 
826:    0 821 355 826 
827:    0 821 1803 1358 1218 827 
828:    0 821 208 1208 337 828 
829:    0 821 208 1984 829 
830:    0 1954 937 1271 1648 830 
831:    0 821 700 1213 691 831 
832:    0 821 1672 1197 1823 401 832 
833:    0 915 1518 536 833 
834:    0 1954 1851 221 267 834 
835:    0 1163 835 
836:    0 821 208 1428 214 836 
837:    0 1954 837 
838:    0 821 700 1213 9 838 
839:    0 821 208 1984 839 
840:    0 1954 1851 1932 840 
841:    0 420 1701 124 841 
842:    0 1954 837 312 1516 842 
843:    0 821 962 970 843 
844:    0 1954 1851 1894 1237 844 
845:    0 821 208 1503 419 845 
846:    0 1954 937 148 665 452 846 
847:    0 1954 450 1664 847 
848:    0 821 355 1049 1673 576 848 
849:    0 821 962 970 1749 849 
850:    0 821 962 1435 1345 1496 850 
851:    0 1954 989 773 851 
852:    0 1954 1624 798 1443 1225 852 
853:    0 821 962 767 1824 1481 1463 859 853 
854:    0 821 700 380 1726 854 
855:    0 821 700 380 855 
856:    0 1163 262 1026 705 856 
857:    0 821 208 1208 1363 869 1563 857 
858:    0 1954 937 1069 1034 1852 858 
859:    0 821 962 767 1824 1481 1463 859 
860:    0 821 1035 860 
861:    0 1954 937 861 
862:    0 821 700 1577 12 862 
863:    0 915 863 
864:    0 1920 161 898 864 
865:    0 1920 865 
866:    0 278 27 1740 866 
867:    0 1954 1851 1894 813 527 867 
868:    0 821 208 1208 1363 869 1563 868 
869:    0 821 208 1208 1363 869 
870:    0 1954 837 312 1425 870 
871:    0 1954 937 871 
872:    0 821 1803 1358 872 
873:    0 821 208 1984 902 1841 1786 873 
874:    0 420 128 96 874 
875:    0 1954 408 581 875 
876:    0 1954 937 1069 1034 1852 876 
877:    0 1954 837 312 693 877 
878:    0 821 700 1577 1945 878 
879:    0 821 700 1002 648 879 
880:    0 821 208 1208 1363 239 1424 880 
881:    0 1954 937 601 1498 881 
882:    0 1954 937 1069 1736 882 
883:    0 1954 937 489 883 
884:    0 1920 161 537 884 
885:    0 1954 1624 478 1327 885 
886:    0 821 700 1213 38 1571 886 
887:    0 821 700 1260 260 887 
888:    0 821 208 1208 1363 869 888 
889:    0 1954 937 148 669 1360 889 
890:    0 1954 937 157 604 485 890 
891:    0 821 355 891 
892:    0 1920 161 892 
893:    0 821 355 554 1469 893 
894:    0 821 700 1577 1945 1078 894 
895:    0 821 962 1435 895 
896:    0 420 128 896 
897:    0 821 962 941 897 
898:    0 1920 161 898 
899:    0 1954 1624 798 1980 482 899 
900:    0 1954 1851 1894 900 
901:    0 1954 837 312 1516 901 
902:    0 821 208 1984 902 
903:    0 1954 989 307 903 
904:    0 821 962 1435 1345 904 
905:    0 1954 937 861 905 
906:    0 915 1416 1210 906 
907:    0 821 700 1577 1072 217 49 907 
908:    0 915 541 1671 908 
909:    0 420 1701 926 909 
910:    0 821 700 1002 1654 910 
911:    0 1954 937 1069 1034 572 1462 911 
912:    0 821 700 1260 1115 1103 912 
913:    0 1520 913 
914:    0 1954 937 1981 294 914 
915:    0 915 
916:    0 420 1701 564 764 916 
917:    0 1954 837 620 917 
918:    0 1954 1624 122 974 918 
919:    0 1954 1624 122 974 919 
920:    0 821 700 380 920 
921:    0 420 1701 1448 921 
922:    0 1954 1851 36 571 922 
923:    0 821 700 1577 701 923 
924:    0 821 700 1002 924 
925:    0 821 700 1260 409 925 
926:    0 420 1701 926 
927:    0 1954 1851 1152 927 
928:    0 1954 937 1271 413 928 
929:    0 1954 937 601 929 
930:    0 821 208 1984 902 624 930 
931:    0 1954 937 601 1292 931 
932:    0 821 700 1577 932 
933:    0 821 962 1435 895 933 
934:    0 821 700 1577 1626 1731 934 
935:    0 1954 450 1664 1297 935 
936:    0 915 1518 936 
937:    0 1954 937 
938:    0 821 355 1972 1307 145 938 
939:    0 1954 1624 798 1980 939 
940:    0 821 700 1213 38 287 1205 940 
941:    0 821 962 941 
942:    0 821 962 1435 895 708 942 
943:    0 821 208 1208 1363 239 1523 943 
944:    0 821 962 1435 1345 354 944 
945:    0 821 208 1208 1363 239 945 
946:    0 821 208 1208 1363 946 
947:    0 821 962 767 1294 947 
948:    0 821 700 1213 105 440 948 
949:    0 821 208 1984 215 949 
950:    0 1954 837 312 1516 1318 950 
951:    0 821 208 1984 39 351 951 
952:    0 1954 1624 122 1974 952 
953:    0 1954 937 953 
954:    0 915 1518 1219 954 
955:    0 821 700 1577 1072 217 49 955 
956:    0 821 956 
957:    0 1954 937 861 905 324 957 
958:    0 821 962 681 958 
959:    0 821 962 970 1749 849 959 
960:    0 821 700 1577 1945 1078 1014 960 
961:    0 915 541 961 
962:    0 821 962 
963:    0 821 355 1049 963 
964:    0 1954 937 148 669 1150 964 
965:    0 278 51 965 
966:    0 1163 262 966 
967:    0 821 700 1577 1945 1078 1014 967 
968:    0 821 1672 968 
969:    0 1954 937 1069 969 
970:    0 821 962 970 
971:    0 971 
972:    0 821 962 1588 972 
973:    0 821 208 1984 902 664 973 
974:    0 1954 1624 122 974 
975:    0 821 355 1899 297 982 975 
976:    0 821 700 1577 207 976 
977:    0 1954 1316 792 977 
978:    0 1954 1851 221 1693 1919 978 
979:    0 1954 1624 798 1443 1858 117 979 
980:    0 821 208 1984 902 1841 1786 980 
981:    0 1954 981 
982:    0 821 355 1899 297 982 
983:    0 278 27 983 
984:    0 821 700 1260 1969 984 
985:    0 821 700 380 187 985 
986:    0 821 700 690 986 
987:    0 1954 837 1813 315 987 
988:    0 821 700 1577 1945 1078 894 988 
989:    0 1954 989 
990:    0 1954 450 1664 381 1676 990 
991:    0 420 128 991 
992:    0 821 700 1577 1072 217 49 992 
993:    0 821 962 941 150 993 
994:    0 1954 837 1659 994 
995:    0 1954 937 157 995 
996:    0 821 1803 1074 996 
997:    0 821 700 1260 1115 997 
998:    0 1954 450 1664 1297 998 
999:    0 1954 937 1069 1736 744 999 
1000:    0 821 700 1213 38 732 274 1000 
1001:    0 915 1518 521 1001 
1002:    0 821 700 1002 
1003:    0 821 700 1213 38 1665 1003 
1004:    0 821 208 1208 1004 
1005:    0 821 962 767 1381 1005 
1006:    0 821 1803 1006 
1007:    0 821 208 1984 902 1841 1007 
1008:    0 1954 937 789 1182 1008 
1009:    0 420 128 991 768 1009 
1010:    0 821 962 1435 1612 1010 
1011:    0 821 700 1213 1011 
1012:    0 1163 1086 1439 1012 
1013:    0 1954 937 1069 1736 251 1013 
1014:    0 821 700 1577 1945 1078 1014 
1015:    0 1954 1624 798 1309 1015 
1016:    0 1954 837 312 626 1016 
1017:    0 915 1518 536 1017 
1018:    0 1954 450 1664 1018 
1019:    0 821 208 1208 1363 805 371 1456 1019 
1020:    0 1954 1624 122 1609 1020 
1021:    0 821 208 1984 215 1021 
1022:    0 821 700 1577 1072 180 1022 
1023:    0 821 355 1965 1023 
1024:    0 1954 937 1069 1736 1024 
1025:    0 821 700 1577 336 1772 1025 
1026:    0 1163 262 1026 
1027:    0 1163 1086 1978 1027 
1028:    0 821 700 1577 1912 598 1410 1028 
1029:    0 1163 1086 1029 
1030:    0 821 208 1984 829 165 1030 
1031:    0 821 208 1208 1363 869 1563 1031 
1032:    0 821 355 554 1469 893 1032 
1033:    0 821 355 554 1033 
1034:    0 1954 937 1069 1034 
1035:    0 821 1035 
1036:    0 821 208 1208 281 1036 
1037:    0 821 700 1213 691 526 720 1037 
1038:    0 821 208 1208 569 135 1592 1038 
1039:    0 821 355 1049 1039 
1040:    0 821 208 363 1040 
1041:    0 821 208 1208 1363 1445 1041 
1042:    0 821 700 1260 1115 1042 
1043:    0 821 700 1577 1912 1043 
1044:    0 821 208 1208 281 1044 
1045:    0 915 1518 536 1939 1045 
1046:    0 821 208 1984 39 1046 
1047:    0 821 962 970 1047 
1048:    0 821 208 1984 902 1841 1786 1937 1875 1048 
1049:    0 821 355 1049 
1050:    0 821 700 1213 38 763 1050 
1051:    0 821 208 1428 1051 
1052:    0 1954 937 148 1052 
1053:    0 1954 1624 798 1443 1331 1053 
1054:    0 1954 937 1069 1736 590 1054 
1055:    0 821 700 1213 484 1055 
1056:    0 915 541 1955 1688 1056 
1057:    0 1954 837 312 1315 1057 
1058:    0 821 208 1208 281 1061 1058 
1059:    0 1920 1107 1059 
1060:    0 821 700 1260 1060 
1061:    0 821 208 1208 281 1061 
1062:    0 1954 937 148 669 1062 
1063:    0 821 962 1435 1612 1063 
1064:    0 286 1199 1064 
1065:    0 821 700 1577 1912 778 698 1065 
1066:    0 1954 1066 
1067:    0 821 962 1435 1345 1067 
1068:    0 821 700 1577 207 177 1619 1068 
1069:    0 1954 937 1069 
1070:    0 821 962 941 310 1117 1070 
1071:    0 1954 937 1069 1639 1071 
1072:    0 821 700 1577 1072 
1073:    0 821 355 1972 1209 397 1073 
1074:    0 821 1803 1074 
1075:    0 821 208 1984 902 1841 1786 980 1075 
1076:    0 76 1329 1076 
1077:    0 1954 937 1069 1262 1077 
1078:    0 821 700 1577 1945 1078 
1079:    0 821 700 1079 
1080:    0 1954 837 312 693 1080 
1081:    0 1954 450 1402 1081 
1082:    0 1941 1082 
1083:    0 821 700 1213 9 838 1083 
1084:    0 1954 450 1664 847 1084 
1085:    0 278 27 1085 
1086:    0 1163 1086 
1087:    0 1954 1851 589 1087 
1088:    0 1954 937 148 669 1360 1088 
1089:    0 1954 1316 792 1089 
1090:    0 821 355 1899 297 1700 1907 1090 
1091:    0 1954 837 620 1091 
1092:    0 1920 1092 
1093:    0 1954 937 148 669 1360 1088 1093 
1094:    0 1954 937 148 1094 
1095:    0 821 700 1213 9 1144 1095 
1096:    0 821 700 1260 1115 1042 1096 
1097:    0 915 1404 1097 
1098:    0 821 962 941 310 1117 1098 
1099:    0 821 355 826 1099 
1100:    0 1954 937 717 1100 
1101:    0 821 208 1208 1363 239 1523 1101 
1102:    0 821 962 1435 1102 
1103:    0 821 700 1260 1115 1103 
1104:    0 821 700 1260 409 1104 
1105:    0 821 700 1213 484 1179 559 1105 
1106:    0 821 700 1577 336 1187 1106 
1107:    0 1920 1107 
1108:    0 821 355 1049 963 23 1108 
1109:    0 821 355 247 334 1109 
1110:    0 821 355 1965 1110 
1111:    0 821 700 1213 38 287 1510 1111 
1112:    0 1954 837 245 1112 
1113:    0 821 962 767 1824 1113 
1114:    0 76 1114 
1115:    0 821 700 1260 1115 
1116:    0 1954 989 307 1116 
1117:    0 821 962 941 310 1117 
1118:    0 286 1118 
1119:    0 821 208 1208 1363 869 1119 
1120:    0 821 962 1435 1612 1615 77 1120 
1121:    0 1954 937 1069 1736 590 423 1121 
1122:    0 821 355 1965 1122 
1123:    0 821 355 1049 963 1123 
1124:    0 821 962 970 770 1124 
1125:    0 821 208 1208 1363 869 888 1125 
1126:    0 821 700 1577 1945 1078 1014 1126 
1127:    0 1954 1851 221 267 1127 
1128:    0 821 208 1208 281 1128 
1129:    0 1954 937 148 1129 
1130:    0 1954 1851 1894 813 1130 
1131:    0 821 700 1260 1115 436 1131 
1132:    0 821 700 1002 648 1132 
1133:    0 821 208 1208 1363 805 371 1133 
1134:    0 278 71 1134 
1135:    0 821 700 1135 
1136:    0 821 700 1260 409 925 1136 
1137:    0 821 1035 1137 
1138:    0 821 700 1260 1138 
1139:    0 821 1803 1139 
1140:    0 420 128 1140 
1141:    0 1163 1086 1978 1141 
1142:    0 821 208 1984 1142 
1143:    0 821 700 1577 1945 1143 
1144:    0 821 700 1213 9 1144 
1145:    0 821 700 1213 38 763 1050 1145 
1146:    0 1954 450 1664 1297 1146 
1147:    0 1954 989 773 16 1147 
1148:    0 821 700 1577 1945 1078 894 619 1148 
1149:    0 1954 937 148 665 452 1149 
1150:    0 1954 937 148 669 1150 
1151:    0 76 1821 1151 
1152:    0 1954 1851 1152 
1153:    0 821 355 826 1153 
1154:    0 1954 937 601 1154 
1155:    0 821 208 1208 1363 1839 1155 
1156:    0 1954 1851 221 267 1156 
1157:    0 821 355 1965 1792 1157 
1158:    0 1954 937 1069 1736 629 1158 
1159:    0 821 208 1984 1159 
1160:    0 821 962 1435 1345 1160 
1161:    0 821 355 826 1529 1161 
1162:    0 821 700 1213 691 1162 
1163:    0 1163 
1164:    0 821 962 970 770 1401 1164 
1165:    0 821 355 1965 1165 
1166:    0 1954 837 245 1166 
1167:    0 821 700 1213 38 287 1205 1617 1167 
1168:    0 1520 1168 
1169:    0 821 700 1213 1276 1169 
1170:    0 1954 1624 122 974 919 1170 
1171:    0 821 355 1965 1023 1171 
1172:    0 1954 937 1172 
1173:    0 1954 937 1069 1736 882 1173 
1174:    0 821 208 1984 1159 374 1174 
1175:    0 821 355 1899 297 982 1175 
1176:    0 1954 937 148 665 452 1176 
1177:    0 821 700 1577 1912 722 57 1177 
1178:    0 821 1672 1197 1805 1178 
1179:    0 821 700 1213 484 1179 
1180:    0 821 208 1208 1363 1180 
1181:    0 821 208 1984 39 1181 
1182:    0 1954 937 789 1182 
1183:    0 821 208 1984 39 351 1183 
1184:    0 821 1672 1197 45 1184 
1185:    0 821 355 1899 297 1700 1907 1185 
1186:    0 821 962 1435 1186 
1187:    0 821 700 1577 336 1187 
1188:    0 821 1803 1188 
1189:    0 1941 1189 
1190:    0 821 208 1984 829 1911 1190 
1191:    0 1954 837 312 1191 
1192:    0 420 1192 
1193:    0 1954 937 1172 1193 
1194:    0 821 700 380 1726 394 1194 
1195:    0 1954 837 312 1315 1195 
1196:    0 821 962 115 1196 
1197:    0 821 1672 1197 
1198:    0 821 700 1213 691 526 282 1198 
1199:    0 286 1199 
1200:    0 1954 937 157 1200 
1201:    0 1954 1624 478 1335 1201 
1202:    0 821 208 1984 902 1841 1786 1202 
1203:    0 821 700 1213 38 1665 1203 
1204:    0 821 700 1260 409 1204 
1205:    0 821 700 1213 38 287 1205 
1206:    0 821 700 1577 12 594 1206 
1207:    0 1954 937 1069 1034 572 1207 
1208:    0 821 208 1208 
1209:    0 821 355 1972 1209 
1210:    0 915 1416 1210 
1211:    0 1954 937 1069 1034 1211 
1212:    0 821 208 1428 1212 
1213:    0 821 700 1213 
1214:    0 821 700 1213 691 1466 1214 
1215:    0 821 700 1577 1912 778 1776 1830 1215 
1216:    0 420 1701 564 764 916 1216 
1217:    0 821 700 1213 38 287 1599 1217 
1218:    0 821 1803 1358 1218 
1219:    0 915 1518 1219 
1220:    0 821 208 1208 1363 1839 1155 1220 
1221:    0 821 700 1577 1912 722 57 1221 
1222:    0 821 355 1899 297 1700 1907 1222 
1223:    0 420 1701 564 1379 1223 
1224:    0 821 956 90 1328 1224 
1225:    0 1954 1624 798 1443 1225 
1226:    0 1954 837 1226 
1227:    0 420 1701 564 764 609 1227 
1228:    0 278 27 1085 1228 
1229:    0 1954 937 1069 1736 744 1658 1229 
1230:    0 278 27 1085 1230 
1231:    0 1954 937 148 669 1360 1231 
1232:    0 821 962 767 1824 1232 
1233:    0 821 208 1208 1363 1180 1233 
1234:    0 1163 1086 1234 
1235:    0 1954 1851 589 1714 592 1235 
1236:    0 1954 937 148 669 1150 1236 
1237:    0 1954 1851 1894 1237 
1238:    0 1954 837 245 1238 
1239:    0 1954 1624 798 1443 1239 
1240:    0 821 700 380 1726 394 396 1240 
1241:    0 1920 161 1241 
1242:    0 1954 1851 1894 813 1406 1242 
1243:    0 1954 937 148 669 1360 889 1243 
1244:    0 1954 937 1271 1648 339 1289 1244 
1245:    0 915 541 1245 
1246:    0 821 1035 1246 
1247:    0 821 208 1208 281 1247 
1248:    0 1954 450 126 1248 
1249:    0 1954 937 1069 1736 882 1249 
1250:    0 821 208 1503 419 845 1250 
1251:    0 1954 937 1069 1034 1251 
1252:    0 821 962 970 1749 849 1252 
1253:    0 821 208 1984 839 1253 
1254:    0 821 208 1208 1363 1180 268 1254 
1255:    0 1954 1851 1894 900 1255 
1256:    0 821 208 1208 281 1061 1500 1256 
1257:    0 1954 450 1664 1807 1257 
1258:    0 1954 1851 1152 927 1258 
1259:    0 420 1375 1950 1259 
1260:    0 821 700 1260 
1261:    0 821 700 1213 38 732 274 1261 
1262:    0 1954 937 1069 1262 
1263:    0 821 700 1213 691 189 1263 
1264:    0 1954 837 312 1264 
1265:    0 1954 450 1664 1265 
1266:    0 1954 1624 122 974 919 1266 
1267:    0 821 355 1049 508 1267 
1268:    0 821 962 941 310 1117 1070 393 1268 
1269:    0 1954 937 1069 1736 744 1269 
1270:    0 1954 937 1069 1736 590 1054 1270 
1271:    0 1954 937 1271 
1272:    0 278 27 520 1272 
1273:    0 915 1273 
1274:    0 821 355 1049 1673 576 84 1274 
1275:    0 1954 1624 122 1974 1275 
1276:    0 821 700 1213 1276 
1277:    0 821 700 1213 691 1162 1277 
1278:    0 821 355 1049 252 1278 
1279:    0 1954 937 1271 413 1279 
1280:    0 821 355 1049 508 1280 
1281:    0 821 962 767 1501 1281 
1282:    0 1954 1851 589 696 1282 
1283:    0 1954 1851 221 1283 
1284:    0 821 208 1208 1363 869 1119 1284 
1285:    0 1954 937 148 669 1360 87 1285 
1286:    0 1954 1851 1152 1286 
1287:    0 821 962 970 1548 1287 
1288:    0 915 1518 536 1939 1288 
1289:    0 1954 937 1271 1648 339 1289 
1290:    0 1954 450 126 1290 
1291:    0 1954 1851 221 267 1127 1291 
1292:    0 1954 937 601 1292 
1293:    0 821 700 1293 
1294:    0 821 962 767 1294 
1295:    0 1954 937 601 1292 1834 1644 1295 
1296:    0 821 700 1213 38 1296 
1297:    0 1954 450 1664 1297 
1298:    0 821 962 1435 1612 1732 1584 1298 
1299:    0 1954 989 1299 
1300:    0 821 962 767 632 426 1300 
1301:    0 821 208 1208 569 135 613 1301 
1302:    0 1941 1302 
1303:    0 821 962 1435 895 1303 
1304:    0 821 208 1503 419 1304 
1305:    0 821 700 1260 1115 1042 1305 
1306:    0 821 355 247 334 1109 1306 
1307:    0 821 355 1972 1307 
1308:    0 420 1375 796 1308 
1309:    0 1954 1624 798 1309 
1310:    0 821 208 1208 1363 869 1310 
1311:    0 821 700 380 1311 
1312:    0 821 962 1435 1612 1312 
1313:    0 1954 1624 122 1609 1020 199 1614 1313 
1314:    0 821 208 1984 902 664 1314 
1315:    0 1954 837 312 1315 
1316:    0 1954 1316 
1317:    0 821 700 679 1326 1842 1317 
1318:    0 1954 837 312 1516 1318 
1319:    0 821 700 380 1726 854 1319 
1320:    0 1920 161 1320 
1321:    0 1163 1086 1978 584 1321 
1322:    0 821 962 1588 1322 
1323:    0 821 208 1984 829 1323 
1324:    0 1954 1851 1894 813 1406 1324 
1325:    0 821 355 1965 1881 1325 
1326:    0 821 700 679 1326 
1327:    0 1954 1624 478 1327 
1328:    0 821 956 90 1328 
1329:    0 76 1329 
1330:    0 821 962 941 310 1395 1330 
1331:    0 1954 1624 798 1443 1331 
1332:    0 915 541 1955 1688 1332 
1333:    0 915 1518 1333 
1334:    0 1954 937 148 1712 1334 
1335:    0 1954 1624 478 1335 
1336:    0 821 700 1213 38 763 1050 1336 
1337:    0 420 128 1337 
1338:    0 1954 1851 1894 1604 672 1338 
1339:    0 821 700 1577 1912 1339 
1340:    0 1954 937 1069 1736 1340 
1341:    0 1954 937 148 669 1717 1341 
1342:    0 821 208 1208 281 1342 
1343:    0 76 1343 
1344:    0 821 700 1213 38 1571 1344 
1345:    0 821 962 1435 1345 
1346:    0 821 700 1577 207 1346 
1347:    0 1954 1851 1894 813 1347 
1348:    0 821 956 1348 
1349:    0 821 700 1213 691 189 1263 1349 
1350:    0 1954 937 1069 1034 572 543 1350 
1351:    0 1954 1851 1894 296 1351 
1352:    0 1954 937 1069 1034 1852 258 1352 
1353:    0 821 355 1899 297 1700 1353 
1354:    0 821 700 1213 1354 
1355:    0 1954 1624 798 1309 427 1355 
1356:    0 1954 1624 798 1309 427 1356 
1357:    0 821 355 554 1857 1357 
1358:    0 821 1803 1358 
1359:    0 821 700 1260 409 1359 
1360:    0 1954 937 148 669 1360 
1361:    0 1954 937 1069 1639 1361 
1362:    0 821 355 1899 297 1362 
1363:    0 821 208 1208 1363 
1364:    0 1954 937 148 669 447 1364 
1365:    0 821 1672 1197 1365 
1366:    0 915 1518 536 1939 1288 759 1366 
1367:    0 1954 1624 798 1443 1225 1367 
1368:    0 821 700 1213 691 526 282 167 1368 
1369:    0 821 208 1503 419 1369 
1370:    0 821 700 1213 105 261 1370 
1371:    0 821 700 1213 484 1055 498 1371 
1372:    0 821 700 1213 484 1055 498 1372 
1373:    0 821 962 1435 1612 1373 
1374:    0 1954 1851 589 1714 1374 
1375:    0 420 1375 
1376:    0 1954 1624 798 1443 1376 
1377:    0 286 1377 
1378:    0 1954 1851 1894 813 1378 
1379:    0 420 1701 564 1379 
1380:    0 1954 937 601 622 1380 
1381:    0 821 962 767 1381 
1382:    0 821 962 1435 1612 1732 567 1382 
1383:    0 1954 1624 122 1974 518 1383 
1384:    0 821 700 1260 1420 1799 1384 
1385:    0 821 962 1534 1385 
1386:    0 821 962 767 1824 1 539 1386 
1387:    0 1954 1624 1387 
1388:    0 821 700 1213 691 526 1388 
1389:    0 1954 937 1069 1736 251 1389 
1390:    0 1954 937 1271 139 1390 
1391:    0 915 1416 1903 1391 
1392:    0 1163 1086 1978 560 1392 
1393:    0 821 355 1972 1209 1393 
1394:    0 821 700 380 1311 1394 
1395:    0 821 962 941 310 1395 
1396:    0 821 1803 1358 1396 
1397:    0 420 172 1397 
1398:    0 1954 1624 122 1609 1398 
1399:    0 1954 937 1069 1034 1852 876 1399 
1400:    0 420 1400 
1401:    0 821 962 970 770 1401 
1402:    0 1954 450 1402 
1403:    0 278 772 1403 
1404:    0 915 1404 
1405:    0 821 700 1577 1626 1405 
1406:    0 1954 1851 1894 813 1406 
1407:    0 821 962 1435 271 1407 
1408:    0 821 700 1577 1912 585 1408 
1409:    0 1954 937 148 669 1360 87 1409 
1410:    0 821 700 1577 1912 598 1410 
1411:    0 821 700 1213 38 763 1411 
1412:    0 1954 1851 36 1412 
1413:    0 915 541 1955 1413 
1414:    0 1163 835 1414 
1415:    0 1954 450 126 361 1415 
1416:    0 915 1416 
1417:    0 1954 937 1172 188 1417 
1418:    0 821 700 1260 1115 1103 1418 
1419:    0 821 208 1428 1212 1419 
1420:    0 821 700 1260 1420 
1421:    0 821 962 1435 1612 1615 1421 
1422:    0 821 962 767 1824 1422 
1423:    0 821 962 1435 1345 1423 
1424:    0 821 208 1208 1363 239 1424 
1425:    0 1954 837 312 1425 
1426:    0 1954 937 1271 1648 339 1426 
1427:    0 821 700 1213 691 1162 1427 
1428:    0 821 208 1428 
1429:    0 821 700 1213 105 261 1370 1429 
1430:    0 1954 1316 1487 1430 
1431:    0 821 355 1431 
1432:    0 1954 450 1664 1432 
1433:    0 821 700 1577 701 923 682 1433 
1434:    0 1520 1434 
1435:    0 821 962 1435 
1436:    0 821 208 1208 569 1436 
1437:    0 821 208 1984 902 1841 1437 
1438:    0 821 700 1213 691 526 282 1438 
1439:    0 1163 1086 1439 
1440:    0 821 962 767 1381 480 1440 
1441:    0 1954 937 601 1441 
1442:    0 821 208 1208 1363 239 231 1532 1442 
1443:    0 1954 1624 798 1443 
1444:    0 821 700 1260 1420 424 1444 
1445:    0 821 208 1208 1363 1445 
1446:    0 1954 937 1069 1736 744 1269 1446 
1447:    0 821 208 1208 1363 1839 1155 1447 
1448:    0 420 1701 1448 
1449:    0 821 956 405 1669 1449 
1450:    0 1954 837 312 1516 1318 1450 
1451:    0 1954 1624 478 1335 1451 
1452:    0 821 700 1260 93 1452 
1453:    0 1954 937 148 665 1853 255 1453 
1454:    0 1954 937 1069 1034 1852 1454 
1455:    0 821 208 1208 1363 239 1523 943 1455 
1456:    0 821 208 1208 1363 805 371 1456 
1457:    0 1954 937 1271 1457 
1458:    0 1520 913 1458 
1459:    0 821 700 1213 1354 1459 
1460:    0 821 208 1208 569 135 613 1460 
1461:    0 821 700 1260 1115 1103 1663 1461 
1462:    0 1954 937 1069 1034 572 1462 
1463:    0 821 962 767 1824 1481 1463 
1464:    0 915 541 625 1464 
1465:    0 821 700 1260 93 1465 
1466:    0 821 700 1213 691 1466 
1467:    0 821 962 1435 1612 1615 1595 1467 
1468:    0 821 208 1984 902 664 973 1468 
1469:    0 821 355 554 1469 
1470:    0 420 1375 1470 
1471:    0 1163 262 1515 1471 
1472:    0 1954 1624 798 1309 427 1472 
1473:    0 821 355 1473 
1474:    0 821 208 1208 1363 239 231 1474 
1475:    0 1954 1066 333 1475 
1476:    0 821 208 1984 39 1476 
1477:    0 821 208 1208 569 135 1711 1477 
1478:    0 1954 1851 221 366 1478 
1479:    0 821 208 1984 39 351 1479 
1480:    0 821 355 247 334 1480 
1481:    0 821 962 767 1824 1481 
1482:    0 821 1803 1358 872 1482 
1483:    0 1483 
1484:    0 821 700 1002 924 1484 
1485:    0 1954 450 1664 381 1485 
1486:    0 821 700 1213 105 1486 
1487:    0 1954 1316 1487 
1488:    0 821 208 1208 281 1061 806 1488 
1489:    0 821 355 1972 1209 1393 1970 1489 
1490:    0 1954 450 126 1490 
1491:    0 1163 1086 1964 1491 
1492:    0 821 700 1213 691 189 1492 
1493:    0 821 208 1208 281 1061 747 1493 
1494:    0 821 962 1435 1345 1695 1494 
1495:    0 1954 937 1069 1736 1340 1495 
1496:    0 821 962 1435 1345 1496 
1497:    0 1954 1624 798 1443 1331 1497 
1498:    0 1954 937 601 1498 
1499:    0 286 1199 1499 
1500:    0 821 208 1208 281 1061 1500 
1501:    0 821 962 767 1501 
1502:    0 1954 1624 798 1443 1858 1502 
1503:    0 821 208 1503 
1504:    0 1954 1316 74 1504 
1505:    0 1954 937 157 1505 
1506:    0 821 208 1984 902 1841 1786 1506 
1507:    0 1954 1851 589 1507 
1508:    0 1954 937 148 669 1150 1508 
1509:    0 1954 837 312 626 1016 1509 
1510:    0 821 700 1213 38 287 1510 
1511:    0 1954 1851 1894 813 1511 
1512:    0 1954 450 126 1512 
1513:    0 1954 937 1271 1648 1513 
1514:    0 821 355 826 146 1514 
1515:    0 1163 262 1515 
1516:    0 1954 837 312 1516 
1517:    0 286 1517 
1518:    0 915 1518 
1519:    0 821 700 1260 1969 1519 
1520:    0 1520 
1521:    0 821 208 1428 1521 
1522:    0 821 700 690 706 1522 
1523:    0 821 208 1208 1363 239 1523 
1524:    0 821 700 1135 1524 
1525:    0 76 1329 1569 1525 
1526:    0 1954 937 1526 
1527:    0 821 700 1577 1945 1078 434 1527 
1528:    0 821 700 1213 691 526 1388 1528 
1529:    0 821 355 826 1529 
1530:    0 821 962 941 897 1530 
1531:    0 821 700 1577 1912 778 1531 
1532:    0 821 208 1208 1363 239 231 1532 
1533:    0 821 962 767 1824 1 1533 
1534:    0 821 962 1534 
1535:    0 821 208 1984 215 949 1535 
1536:    0 286 344 1536 
1537:    0 278 27 1537 
1538:    0 1538 
1539:    0 821 700 1577 1912 585 1539 
1540:    0 1163 1086 475 1540 
1541:    0 1941 656 1541 
1542:    0 821 807 1542 
1543:    0 1954 937 157 85 734 1543 
1544:    0 1954 937 1069 1736 1024 1544 
1545:    0 420 1375 1545 
1546:    0 821 355 1049 1673 576 84 1890 1546 
1547:    0 76 173 1547 
1548:    0 821 962 970 1548 
1549:    0 420 128 1549 
1550:    0 1954 937 789 1550 
1551:    0 821 956 311 1551 
1552:    0 821 208 1984 902 1841 1786 1552 
1553:    0 821 700 1002 1654 1553 
1554:    0 821 208 1208 1363 239 1523 1101 1554 
1555:    0 821 962 1435 895 1555 
1556:    0 821 700 1213 484 1179 1556 
1557:    0 821 700 690 1557 
1558:    0 821 700 1213 484 1558 
1559:    0 821 700 1213 38 1559 
1560:    0 1954 937 1069 1736 1340 599 1560 
1561:    0 821 208 1208 281 1036 1561 
1562:    0 821 208 1984 902 109 1562 
1563:    0 821 208 1208 1363 869 1563 
1564:    0 821 700 684 1564 
1565:    0 1954 1624 798 1309 427 1565 
1566:    0 821 700 1260 1969 1566 
1567:    0 821 700 1213 1354 1581 1567 
1568:    0 821 700 380 1726 1808 1568 
1569:    0 76 1329 1569 
1570:    0 821 700 1260 1420 1799 1570 
1571:    0 821 700 1213 38 1571 
1572:    0 420 1701 564 1379 1572 
1573:    0 821 962 970 1548 779 1573 
1574:    0 1954 989 307 1574 
1575:    0 821 700 1577 1945 1575 
1576:    0 821 962 1435 895 790 1576 
1577:    0 821 700 1577 
1578:    0 821 700 1213 105 261 1370 1578 
1579:    0 821 700 1577 207 525 1579 
1580:    0 1954 1851 221 1693 1580 
1581:    0 821 700 1213 1354 1581 
1582:    0 420 1701 564 764 1582 
1583:    0 1954 937 1069 1262 1583 
1584:    0 821 962 1435 1612 1732 1584 
1585:    0 821 700 1002 1585 
1586:    0 821 208 1208 569 135 613 1586 
1587:    0 821 700 1577 1945 878 1587 
1588:    0 821 962 1588 
1589:    0 821 700 1213 9 1589 
1590:    0 1954 937 1069 1736 629 114 1590 
1591:    0 821 700 679 1326 1842 1317 1591 
1592:    0 821 208 1208 569 135 1592 
1593:    0 1954 937 1526 1593 
1594:    0 1920 1107 1594 
1595:    0 821 962 1435 1612 1615 1595 
1596:    0 420 172 1596 
1597:    0 1954 837 312 1516 1318 739 1597 
1598:    0 915 1518 536 1939 793 1598 
1599:    0 821 700 1213 38 287 1599 
1600:    0 1954 937 157 604 633 1600 
1601:    0 1954 989 1299 1601 
1602:    0 821 208 1984 902 1841 1786 1506 1602 
1603:    0 821 208 1984 902 664 1603 
1604:    0 1954 1851 1894 1604 
1605:    0 821 700 690 706 1522 1605 
1606:    0 821 700 1577 336 1806 646 1606 
1607:    0 821 700 1213 691 1607 
1608:    0 821 208 1984 902 1608 
1609:    0 1954 1624 122 1609 
1610:    0 1610 
1611:    0 821 700 1213 105 261 118 1611 
1612:    0 821 962 1435 1612 
1613:    0 821 1672 516 499 48 1613 
1614:    0 1954 1624 122 1609 1020 199 1614 
1615:    0 821 962 1435 1612 1615 
1616:    0 821 956 90 1616 
1617:    0 821 700 1213 38 287 1205 1617 
1618:    0 821 208 1208 1363 1839 1618 
1619:    0 821 700 1577 207 177 1619 
1620:    0 821 700 1213 38 287 1620 
1621:    0 1954 937 1069 1034 1621 
1622:    0 1954 937 489 1622 
1623:    0 821 962 941 897 1530 1623 
1624:    0 1954 1624 
1625:    0 1954 937 148 669 1625 
1626:    0 821 700 1577 1626 
1627:    0 821 700 1577 1912 722 57 1627 
1628:    0 821 208 1208 569 135 1711 1628 
1629:    0 821 700 1577 1945 1575 1629 
1630:    0 1954 937 1271 1648 830 1630 
1631:    0 821 208 1208 1363 239 338 1631 
1632:    0 278 27 1914 750 1632 
1633:    0 420 276 1633 
1634:    0 821 700 1002 1654 1634 
1635:    0 915 541 1955 1635 
1636:    0 821 700 1577 1636 
1637:    0 821 208 1208 337 1637 
1638:    0 821 208 1208 569 135 1638 
1639:    0 1954 937 1069 1639 
1640:    0 1954 937 1069 1639 1361 1640 
1641:    0 1954 1624 122 1974 1641 
1642:    0 821 956 90 1642 
1643:    0 821 208 1208 281 1036 1643 
1644:    0 1954 937 601 1292 1834 1644 
1645:    0 821 700 1213 691 189 1645 
1646:    0 1954 450 126 361 1646 
1647:    0 821 355 1899 297 1700 1907 1647 
1648:    0 1954 937 1271 1648 
1649:    0 1954 937 1981 294 1649 
1650:    0 821 208 1984 902 1841 416 1650 
1651:    0 821 355 1965 1023 1831 1651 
1652:    0 1954 1851 1152 927 1652 
1653:    0 821 700 1213 1354 1581 1653 
1654:    0 821 700 1002 1654 
1655:    0 1954 1679 1655 
1656:    0 1920 1107 1656 
1657:    0 286 1199 1657 
1658:    0 1954 937 1069 1736 744 1658 
1659:    0 1954 837 1659 
1660:    0 821 700 1213 38 763 1050 1660 
1661:    0 1941 1661 
1662:    0 1954 1624 798 1662 
1663:    0 821 700 1260 1115 1103 1663 
1664:    0 1954 450 1664 
1665:    0 821 700 1213 38 1665 
1666:    0 821 208 363 1040 1666 
1667:    0 821 208 1984 1667 
1668:    0 1954 1624 1990 1668 
1669:    0 821 956 405 1669 
1670:    0 821 208 1984 902 1841 1786 1937 1670 
1671:    0 915 541 1671 
1672:    0 821 1672 
1673:    0 821 355 1049 1673 
1674:    0 1920 161 1674 
1675:    0 420 1701 564 764 916 1675 
1676:    0 1954 450 1664 381 1676 
1677:    0 1954 1851 1894 813 1677 
1678:    0 420 1701 564 764 609 1227 1678 
1679:    0 1954 1679 
1680:    0 286 1199 1657 1680 
1681:    0 821 700 1002 1681 
1682:    0 821 700 1577 1912 778 1682 
1683:    0 278 568 121 1683 
1684:    0 821 355 826 144 1684 
1685:    0 1954 937 1271 1648 339 1685 
1686:    0 821 700 690 1686 
1687:    0 821 208 1208 569 135 1687 
1688:    0 915 541 1955 1688 
1689:    0 821 962 1435 1345 1067 1689 
1690:    0 915 1690 
1691:    0 821 700 1577 1072 217 1691 
1692:    0 821 700 380 855 1692 
1693:    0 1954 1851 221 1693 
1694:    0 1954 937 1069 1639 1071 1694 
1695:    0 821 962 1435 1345 1695 
1696:    0 821 700 1213 691 1162 1696 
1697:    0 821 962 767 1697 
1698:    0 821 1803 1698 
1699:    0 1954 989 307 1699 
1700:    0 821 355 1899 297 1700 
1701:    0 420 1701 
1702:    0 1954 937 148 665 1702 
1703:    0 1954 1624 798 1443 1703 
1704:    0 821 208 1984 902 664 1704 
1705:    0 1954 937 1069 1736 251 1013 1705 
1706:    0 821 700 380 1311 1394 1706 
1707:    0 821 700 1002 1896 1987 1707 
1708:    0 1954 937 1708 
1709:    0 1954 1851 1894 813 1406 116 1709 
1710:    0 821 208 1208 1363 239 231 1532 1710 
1711:    0 821 208 1208 569 135 1711 
1712:    0 1954 937 148 1712 
1713:    0 821 700 380 1726 394 1194 1713 
1714:    0 1954 1851 589 1714 
1715:    0 821 1672 1197 45 1715 
1716:    0 821 208 1984 215 949 1716 
1717:    0 1954 937 148 669 1717 
1718:    0 278 27 786 1718 
1719:    0 1954 1624 798 1309 427 1355 1719 
1720:    0 821 962 941 897 1530 1720 
1721:    0 821 1803 1074 1721 
1722:    0 821 355 1965 1792 1722 
1723:    0 420 128 896 1723 
1724:    0 821 700 1577 448 1724 
1725:    0 1163 1086 475 1725 
1726:    0 821 700 380 1726 
1727:    0 1954 937 1981 1727 
1728:    0 821 700 1213 38 1571 1728 
1729:    0 821 700 1577 1626 1729 
1730:    0 821 700 1577 207 525 1730 
1731:    0 821 700 1577 1626 1731 
1732:    0 821 962 1435 1612 1732 
1733:    0 821 700 1213 38 287 1733 
1734:    0 1954 937 1271 1648 339 1426 1734 
1735:    0 915 541 1735 
1736:    0 1954 937 1069 1736 
1737:    0 821 700 380 1726 854 1737 
1738:    0 1954 937 1069 1736 1738 
1739:    0 821 355 826 1153 1739 
1740:    0 278 27 1740 
1741:    0 821 962 1588 1741 
1742:    0 1954 837 1813 315 757 1742 
1743:    0 915 541 272 731 1743 
1744:    0 1954 837 312 626 1744 
1745:    0 1954 937 1069 1034 1745 
1746:    0 821 355 826 1798 1746 
1747:    0 821 700 1213 105 261 1747 
1748:    0 420 1375 1950 1748 
1749:    0 821 962 970 1749 
1750:    0 1954 937 157 85 1750 
1751:    0 821 208 1503 419 1751 
1752:    0 1954 450 126 1248 617 1752 
1753:    0 915 1518 1333 1753 
1754:    0 915 1518 521 1001 1754 
1755:    0 1163 1086 1866 1923 1755 
1756:    0 821 208 1984 902 1841 1786 1756 
1757:    0 420 1701 564 1379 1223 1757 
1758:    0 1954 408 1758 
1759:    0 821 962 1435 1345 1067 1759 
1760:    0 915 541 625 1464 1760 
1761:    0 821 700 1260 154 1761 
1762:    0 1954 1851 1894 296 194 1762 
1763:    0 1954 1316 1487 1763 
1764:    0 1954 450 1664 595 1764 
1765:    0 821 700 1577 1945 1078 1765 
1766:    0 1520 1766 
1767:    0 821 700 1577 12 594 1767 
1768:    0 821 208 1984 902 1841 1786 1552 1768 
1769:    0 821 208 1984 902 1841 1786 873 1769 
1770:    0 1954 937 1271 1648 1513 1770 
1771:    0 1954 837 312 626 1771 
1772:    0 821 700 1577 336 1772 
1773:    0 821 700 1213 691 1162 1696 1773 
1774:    0 821 700 1577 1945 1078 1774 
1775:    0 1954 1624 798 1775 
1776:    0 821 700 1577 1912 778 1776 
1777:    0 821 355 826 144 1777 
1778:    0 821 700 799 1778 
1779:    0 1954 937 1069 1639 1071 1779 
1780:    0 1954 937 148 669 1717 1780 
1781:    0 821 700 1213 38 732 1781 
1782:    0 1954 989 1299 1782 
1783:    0 1954 450 1664 1783 
1784:    0 1954 837 312 693 1784 
1785:    0 1954 1624 122 1974 1785 
1786:    0 821 208 1984 902 1841 1786 
1787:    0 1954 1851 1152 927 1258 1787 
1788:    0 821 208 1208 1363 34 1788 
1789:    0 821 700 1577 701 1789 
1790:    0 821 700 1213 38 1571 1790 
1791:    0 821 700 1577 701 1791 
1792:    0 821 355 1965 1792 
1793:    0 1954 937 148 665 611 1793 
1794:    0 1954 1624 122 974 1794 
1795:    0 1954 937 1069 1034 1795 
1796:    0 286 1796 
1797:    0 1954 1624 122 1609 1020 199 1797 
1798:    0 821 355 826 1798 
1799:    0 821 700 1260 1420 1799 
1800:    0 821 962 1588 1322 1800 
1801:    0 821 700 1577 207 1801 
1802:    0 420 1701 564 764 1582 1802 
1803:    0 821 1803 
1804:    0 1163 1804 
1805:    0 821 1672 1197 1805 
1806:    0 821 700 1577 336 1806 
1807:    0 1954 450 1664 1807 
1808:    0 821 700 380 1726 1808 
1809:    0 821 956 405 1809 
1810:    0 1163 1086 1439 1810 
1811:    0 821 355 1972 1811 
1812:    0 821 208 1428 214 384 1812 
1813:    0 1954 837 1813 
1814:    0 821 208 1208 1363 1180 268 1814 
1815:    0 1954 837 620 1905 1815 
1816:    0 1954 989 307 1816 
1817:    0 821 700 1260 1420 424 1817 
1818:    0 1954 937 1069 1736 1340 1818 
1819:    0 821 962 1435 895 1819 
1820:    0 821 355 1049 1673 576 1820 
1821:    0 76 1821 
1822:    0 1954 937 157 85 1822 
1823:    0 821 1672 1197 1823 
1824:    0 821 962 767 1824 
1825:    0 821 355 554 1863 1825 
1826:    0 821 700 690 986 1826 
1827:    0 1163 262 1827 
1828:    0 821 962 115 1929 1828 
1829:    0 821 208 1208 281 1036 1643 1829 
1830:    0 821 700 1577 1912 778 1776 1830 
1831:    0 821 355 1965 1023 1831 
1832:    0 821 355 1049 508 1832 
1833:    0 1954 937 1069 1034 1833 
1834:    0 1954 937 601 1292 1834 
1835:    0 821 1672 1197 1835 
1836:    0 1954 937 1069 1736 590 1836 
1837:    0 821 962 970 1047 1837 
1838:    0 821 962 941 897 1838 
1839:    0 821 208 1208 1363 1839 
1840:    0 821 700 1577 1912 1840 
1841:    0 821 208 1984 902 1841 
1842:    0 821 700 679 1326 1842 
1843:    0 821 1803 1074 1843 
1844:    0 821 700 1213 9 1144 1844 
1845:    0 1954 937 1271 1648 1845 
1846:    0 821 208 1208 569 1846 
1847:    0 1954 1624 122 1609 1847 
1848:    0 1954 1624 122 1609 1020 1848 
1849:    0 1954 1624 478 125 1849 
1850:    0 1954 837 312 1315 1850 
1851:    0 1954 1851 
1852:    0 1954 937 1069 1034 1852 
1853:    0 1954 937 148 665 1853 
1854:    0 821 700 1213 484 1055 1854 
1855:    0 1954 937 148 665 1853 255 1453 1855 
1856:    0 821 208 1208 281 1044 1856 
1857:    0 821 355 554 1857 
1858:    0 1954 1624 798 1443 1858 
1859:    0 1954 450 126 361 1859 
1860:    0 420 1375 1860 
1861:    0 1954 1851 589 1861 
1862:    0 821 208 1208 1363 805 404 1862 
1863:    0 821 355 554 1863 
1864:    0 821 700 1135 1864 
1865:    0 1954 989 1299 1782 697 1865 
1866:    0 1163 1086 1866 
1867:    0 1954 1851 1932 259 1867 
1868:    0 915 541 1868 
1869:    0 821 962 1435 1612 1063 1869 
1870:    0 821 962 767 1870 
1871:    0 821 807 467 1871 
1872:    0 821 700 1213 105 261 118 1872 
1873:    0 1873 
1874:    0 1954 937 157 752 1874 
1875:    0 821 208 1984 902 1841 1786 1937 1875 
1876:    0 821 700 1577 701 923 1876 
1877:    0 1954 937 1069 1034 572 1877 
1878:    0 1954 937 1069 1736 744 1878 
1879:    0 821 208 1984 902 664 1603 1879 
1880:    0 1520 1880 
1881:    0 821 355 1965 1881 
1882:    0 286 1199 1882 
1883:    0 1954 937 1883 
1884:    0 821 355 1049 1673 316 1884 
1885:    0 1163 1885 
1886:    0 1954 837 312 1886 
1887:    0 1954 937 1271 1648 339 1289 1887 
1888:    0 821 700 1213 484 1055 1888 
1889:    0 821 700 1577 1912 778 1889 
1890:    0 821 355 1049 1673 576 84 1890 
1891:    0 821 962 970 1749 849 1891 
1892:    0 821 962 941 897 1892 
1893:    0 821 208 1984 902 664 1704 1893 
1894:    0 1954 1851 1894 
1895:    0 420 276 1633 1895 
1896:    0 821 700 1002 1896 
1897:    0 821 355 1965 804 1897 
1898:    0 1954 1898 
1899:    0 821 355 1899 
1900:    0 821 700 1577 207 525 1900 
1901:    0 821 700 1577 1072 1901 
1902:    0 1941 1983 1902 
1903:    0 915 1416 1903 
1904:    0 1954 937 1069 1736 882 1904 
1905:    0 1954 837 620 1905 
1906:    0 1954 937 1069 1034 1251 1906 
1907:    0 821 355 1899 297 1700 1907 
1908:    0 1954 937 1172 188 1908 
1909:    0 821 962 970 1909 
1910:    0 821 700 1213 484 1910 
1911:    0 821 208 1984 829 1911 
1912:    0 821 700 1577 1912 
1913:    0 821 355 826 1529 1161 1913 
1914:    0 278 27 1914 
1915:    0 821 962 1915 
1916:    0 1954 937 157 1200 1916 
1917:    0 821 700 1213 691 1607 149 1917 
1918:    0 821 208 1918 
1919:    0 1954 1851 221 1693 1919 
1920:    0 1920 
1921:    0 1954 1624 798 1443 1858 1921 
1922:    0 1954 937 148 669 1922 
1923:    0 1163 1086 1866 1923 
1924:    0 915 541 1955 1924 
1925:    0 1954 1624 798 1980 482 1925 
1926:    0 821 700 1213 38 287 1926 
1927:    0 821 962 767 1927 
1928:    0 1954 837 312 693 1784 1928 
1929:    0 821 962 115 1929 
1930:    0 821 700 1577 1912 598 1985 1930 
1931:    0 821 700 1213 691 107 1931 
1932:    0 1954 1851 1932 
1933:    0 1954 1851 1894 296 809 1933 
1934:    0 821 355 1049 1673 576 1934 
1935:    0 821 208 1984 902 1841 1786 346 1935 
1936:    0 821 208 1208 281 1061 806 1936 
1937:    0 821 208 1984 902 1841 1786 1937 
1938:    0 821 962 941 310 1117 1070 1938 
1939:    0 915 1518 536 1939 
1940:    0 915 687 1940 
1941:    0 1941 
1942:    0 1954 937 1942 
1943:    0 821 700 1260 1420 424 1943 
1944:    0 1954 1624 798 1443 1239 1944 
1945:    0 821 700 1577 1945 
1946:    0 1920 1092 275 1946 
1947:    0 821 208 730 1947 
1948:    0 915 541 625 1948 
1949:    0 1954 1316 1487 1949 
1950:    0 420 1375 1950 
1951:    0 1954 1679 1951 
1952:    0 821 355 826 146 1952 
1953:    0 821 208 363 1040 1953 
1954:    0 1954 
1955:    0 915 541 1955 
1956:    0 821 208 363 1956 
1957:    0 821 355 1049 1673 316 1957 
1958:    0 821 700 679 1958 
1959:    0 821 962 1435 1345 1959 
1960:    0 821 355 1049 1960 
1961:    0 1954 937 157 1505 1961 
1962:    0 420 172 1962 
1963:    0 1954 937 1271 413 1963 
1964:    0 1163 1086 1964 
1965:    0 821 355 1965 
1966:    0 420 1966 
1967:    0 821 208 1208 1363 239 1523 943 1967 
1968:    0 821 962 970 1047 205 1968 
1969:    0 821 700 1260 1969 
1970:    0 821 355 1972 1209 1393 1970 
1971:    0 821 355 1049 1673 576 1971 
1972:    0 821 355 1972 
1973:    0 821 208 1208 1363 239 1523 1973 
1974:    0 1954 1624 122 1974 
1975:    0 821 208 1208 337 1975 
1976:    0 1954 1851 221 267 1991 1976 
1977:    0 821 700 1577 701 1791 1977 
1978:    0 1163 1086 1978 
1979:    0 821 700 1577 701 1979 
1980:    0 1954 1624 798 1980 
1981:    0 1954 937 1981 
1982:    0 821 700 1213 38 732 274 1982 
1983:    0 1941 1983 
1984:    0 821 208 1984 
1985:    0 821 700 1577 1912 598 1985 
1986:    0 821 700 1213 105 261 118 1986 
1987:    0 821 700 1002 1896 1987 
1988:    0 1954 1624 122 1974 1785 1988 
1989:    0 821 700 1079 1989 
1990:    0 1954 1624 1990 
1991:    0 1954 1851 221 267 1991 
1992:    0 821 700 1213 38 287 1599 593 1992 
1993:    0 821 700 799 1993 
1994:    0 1954 937 1981 1727 1994 
1995:    0 821 700 1213 691 526 282 1995 
1996:    0 1954 1851 1152 1996 
1997:    0 1920 161 1241 1997 
1998:    0 821 208 1208 1363 239 1523 1101 1998 
1999:    0 1954 937 148 665 452 1999 
