The shortest path from 0 to each vertex is:
  v     Path 0->v
----    ---------
  1:    0 2714 2765 2779 1 
  2:    0 821 235 159 2523 2 
  3:    0 1954 257 1593 3 
  4:    0 821 175 4 
  5:    0 821 2356 819 1783 5 
  6:    0 821 1265 1675 1153 6 
  7:    0 821 2445 2958 1339 7 
  8:    0 286 8 
  9:    0 2605 329 1337 9 
 10:    0 1954 257 1841 1517 10 
 11:    0 286 2031 11 
 12:    0 821 2445 468 2507 279 12 
 13:    0 821 2356 492 13 
 14:    0 821 1346 719 14 
 15:    0 821 2445 252 1822 15 
 16:    0 821 235 57 16 
 17:    0 2539 2205 2566 2126 143 17 
 18:    0 821 2356 1476 2358 18 
 19:    0 821 726 19 
 20:    0 278 20 
 21:    0 2714 1971 2877 370 21 
 22:    0 1954 2419 848 22 
 23:    0 2539 2205 91 2153 23 
 24:    0 821 726 2910 24 
 25:    0 821 2356 426 2243 25 
 26:    0 821 175 26 
 27:    0 2220 954 27 
 28:    0 2714 1887 950 870 28 
 29:    0 2539 2205 342 29 
 30:    0 821 2445 252 2898 1878 30 
 31:    0 821 425 31 
 32:    0 2605 673 1240 32 
 33:    0 2714 1971 33 
 34:    0 2605 2281 552 34 
 35:    0 1954 257 2003 35 
 36:    0 821 1670 900 1912 36 
 37:    0 2539 1880 37 
 38:    0 821 1265 937 1116 38 
 39:    0 821 425 633 39 
 40:    0 2220 2426 40 
 41:    0 915 2283 41 
 42:    0 821 425 2008 630 42 
 43:    0 821 2445 468 2507 279 2369 43 
 44:    0 821 2356 44 
 45:    0 821 726 2343 2125 45 
 46:    0 1954 2419 848 399 2494 46 
 47:    0 2220 1093 47 
 48:    0 821 2356 426 2243 48 
 49:    0 2605 673 979 49 
 50:    0 821 2356 50 
 51:    0 821 1670 51 
 52:    0 2605 673 52 
 53:    0 821 2445 468 53 
 54:    0 2714 1971 33 54 
 55:    0 821 425 2529 55 
 56:    0 2714 2300 2880 56 
 57:    0 821 235 57 
 58:    0 2714 1971 595 2032 58 
 59:    0 1954 2419 848 399 410 59 
 60:    0 821 1670 337 60 
 61:    0 821 2445 802 61 
 62:    0 821 1265 945 62 
 63:    0 1954 2419 1355 63 
 64:    0 1954 2167 586 64 
 65:    0 2539 2205 91 2846 65 
 66:    0 286 2031 66 
 67:    0 821 425 31 2502 897 67 
 68:    0 2714 1971 595 2747 68 
 69:    0 915 1378 625 69 
 70:    0 2714 745 70 
 71:    0 2220 1093 71 
 72:    0 2320 1696 72 
 73:    0 1954 2419 848 674 73 
 74:    0 1954 2053 489 1357 74 
 75:    0 821 726 2343 75 
 76:    0 76 
 77:    0 1954 257 1841 2228 77 
 78:    0 2539 1103 1205 78 
 79:    0 1954 257 2003 35 79 
 80:    0 821 2356 1476 2358 80 
 81:    0 821 2445 367 2986 81 
 82:    0 2539 2205 91 1155 584 82 
 83:    0 915 1043 83 
 84:    0 821 2356 335 84 
 85:    0 1954 2419 848 399 1080 85 
 86:    0 821 425 2139 86 
 87:    0 821 175 827 101 87 
 88:    0 821 726 2231 2177 88 
 89:    0 821 2445 252 1822 89 
 90:    0 821 2445 252 1822 322 90 
 91:    0 2539 2205 91 
 92:    0 821 1918 694 2778 621 92 
 93:    0 286 2734 951 93 
 94:    0 821 2356 1005 94 
 95:    0 821 2356 335 95 
 96:    0 821 2445 468 890 96 
 97:    0 2220 97 
 98:    0 821 175 2866 98 
 99:    0 1954 2419 1355 1902 551 99 
100:    0 821 2445 468 2507 279 2369 100 
101:    0 821 175 827 101 
102:    0 821 726 634 460 102 
103:    0 2539 2205 342 103 
104:    0 821 1670 900 1912 36 104 
105:    0 821 425 2810 105 
106:    0 2220 1430 106 
107:    0 821 1265 1578 1392 107 
108:    0 821 2445 802 2059 1909 108 
109:    0 821 1265 109 
110:    0 821 235 159 1380 110 
111:    0 1954 257 111 
112:    0 2714 112 
113:    0 420 339 113 
114:    0 1954 2419 848 399 172 114 
115:    0 1954 2053 489 2991 115 
116:    0 915 2184 205 116 
117:    0 2714 1971 33 207 117 
118:    0 821 425 2981 1061 118 
119:    0 821 2643 119 
120:    0 821 726 2910 24 1412 120 
121:    0 1954 2419 848 22 121 
122:    0 1954 2419 848 122 
123:    0 278 1150 2557 123 
124:    0 821 2445 2958 1832 744 124 
125:    0 2539 2924 213 125 
126:    0 821 2445 252 2898 126 
127:    0 821 2356 819 781 2193 127 
128:    0 1954 2419 2573 128 
129:    0 821 425 2682 129 
130:    0 821 2445 2030 1055 130 
131:    0 821 726 2349 131 
132:    0 2320 2509 132 
133:    0 821 2445 2958 2987 1602 133 
134:    0 821 726 634 963 134 
135:    0 1954 2419 848 428 145 135 
136:    0 278 1434 1504 136 
137:    0 2320 2509 137 
138:    0 1954 257 1593 442 138 
139:    0 821 425 2682 486 139 
140:    0 821 1265 1731 2667 140 
141:    0 821 2643 141 
142:    0 286 566 806 142 
143:    0 2539 2205 2566 2126 143 
144:    0 821 2445 2030 1055 130 144 
145:    0 1954 2419 848 428 145 
146:    0 821 2445 2958 2987 1602 146 
147:    0 821 2445 2030 2787 147 
148:    0 1954 2483 835 148 
149:    0 821 2356 2119 275 149 
150:    0 821 2356 150 
151:    0 1954 2419 524 151 
152:    0 821 425 2981 2379 152 
153:    0 2320 2448 153 
154:    0 2714 112 735 154 
155:    0 821 726 2349 2249 2367 155 
156:    0 2605 2281 1008 156 
157:    0 1954 2419 1355 157 
158:    0 286 1695 2005 2857 158 
159:    0 821 235 159 
160:    0 821 425 31 2502 897 160 
161:    0 1954 161 
162:    0 821 2445 2030 2965 162 
163:    0 2714 112 735 163 
164:    0 821 2445 802 1891 164 
165:    0 1954 257 1593 1241 202 165 
166:    0 821 2445 2030 1197 338 166 
167:    0 2220 512 1009 188 167 
168:    0 821 2445 2030 1197 1811 1840 168 
169:    0 2714 2765 922 360 169 
170:    0 2714 1326 553 2630 170 
171:    0 821 175 4 171 
172:    0 1954 2419 848 399 172 
173:    0 821 235 159 173 
174:    0 821 2356 819 594 174 
175:    0 821 175 
176:    0 2539 2205 91 2153 1349 176 
177:    0 821 2445 2030 2968 1060 2414 177 
178:    0 821 2445 2030 1197 338 178 
179:    0 1954 2483 1435 1386 179 
180:    0 2714 180 
181:    0 2714 1971 595 2496 181 
182:    0 2714 2245 2844 182 
183:    0 2714 2245 1452 1610 183 
184:    0 2714 1971 595 184 
185:    0 2605 185 
186:    0 2539 1103 1205 186 
187:    0 2539 2205 91 2567 187 
188:    0 2220 512 1009 188 
189:    0 821 425 749 1569 189 
190:    0 2714 190 
191:    0 2539 2205 342 1333 191 
192:    0 821 1918 2741 192 
193:    0 821 1670 193 
194:    0 286 2031 1933 194 
195:    0 286 1695 882 195 
196:    0 821 1265 1578 1620 1563 196 
197:    0 2539 2205 2566 1115 197 
198:    0 821 1918 2973 198 
199:    0 821 726 2349 199 
200:    0 821 2643 200 
201:    0 1954 2419 848 810 953 201 
202:    0 1954 257 1593 1241 202 
203:    0 821 2356 426 2243 203 
204:    0 2714 1887 950 204 
205:    0 915 2184 205 
206:    0 821 1265 240 206 
207:    0 2714 1971 33 207 
208:    0 2714 1245 854 208 
209:    0 821 2445 2958 2987 209 
210:    0 1954 2419 1949 210 
211:    0 2605 2281 2143 211 
212:    0 821 425 212 
213:    0 2539 2924 213 
214:    0 821 1265 1578 618 214 
215:    0 821 2445 252 2898 1738 215 
216:    0 2220 954 2614 216 
217:    0 2539 217 
218:    0 821 2445 468 890 1984 218 
219:    0 821 1670 1050 219 
220:    0 821 2445 2030 1197 1948 220 
221:    0 286 566 221 
222:    0 821 1265 222 
223:    0 2539 2205 223 
224:    0 821 1265 1675 224 
225:    0 1954 2483 1435 1386 225 
226:    0 2539 2205 2566 2812 226 
227:    0 821 425 1987 227 
228:    0 2714 180 228 
229:    0 821 2445 252 1674 229 
230:    0 2714 230 
231:    0 278 1150 2557 231 
232:    0 821 1265 1578 1620 1563 232 
233:    0 821 726 2343 787 233 
234:    0 2539 1103 697 234 
235:    0 821 235 
236:    0 2714 1326 480 1037 236 
237:    0 2605 2281 2143 612 237 
238:    0 821 726 661 238 
239:    0 1954 2419 848 22 239 
240:    0 821 1265 240 
241:    0 2714 1971 595 2032 241 
242:    0 821 235 159 1231 242 
243:    0 1954 2419 848 1467 593 243 
244:    0 2605 2281 861 1931 244 
245:    0 278 245 
246:    0 821 425 31 491 246 
247:    0 821 425 2981 1061 2486 247 
248:    0 2605 2281 1069 248 
249:    0 821 2445 468 890 620 249 
250:    0 821 2445 468 890 1984 250 
251:    0 821 1918 251 
252:    0 821 2445 252 
253:    0 2714 2765 328 253 
254:    0 821 2445 2958 254 
255:    0 821 1670 511 1632 573 255 
256:    0 2714 2245 1573 375 256 
257:    0 1954 257 
258:    0 821 726 2057 258 
259:    0 821 1265 937 1116 259 
260:    0 1954 257 1750 260 
261:    0 2714 2765 261 
262:    0 286 2073 262 
263:    0 2714 2245 1452 1610 263 
264:    0 420 2250 264 
265:    0 2320 1320 265 
266:    0 2714 1971 2569 266 
267:    0 420 339 267 
268:    0 821 425 31 2502 268 
269:    0 2220 2426 672 269 
270:    0 2714 2245 2312 270 
271:    0 821 2445 2958 2656 2884 271 
272:    0 821 175 2191 272 
273:    0 2714 2765 2068 273 
274:    0 2605 2281 861 274 
275:    0 821 2356 2119 275 
276:    0 2539 2205 2566 2812 276 
277:    0 2539 2205 2566 1671 277 
278:    0 278 
279:    0 821 2445 468 2507 279 
280:    0 420 339 280 
281:    0 821 1265 1731 2667 1409 281 
282:    0 420 1818 282 
283:    0 2714 2765 922 360 169 283 
284:    0 2714 2245 284 
285:    0 821 425 2682 285 
286:    0 286 
287:    0 286 1965 287 
288:    0 821 1670 193 288 
289:    0 821 726 634 784 289 
290:    0 821 1670 193 290 
291:    0 821 1670 1074 291 
292:    0 821 2445 802 292 
293:    0 1954 2053 2438 2736 293 
294:    0 821 425 633 294 
295:    0 2539 2924 1296 295 
296:    0 286 1695 2225 829 296 
297:    0 821 726 634 1097 1081 297 
298:    0 821 726 2231 2177 2314 298 
299:    0 821 726 634 2922 1165 1601 299 
300:    0 2605 2281 2143 1442 1017 300 
301:    0 821 1265 109 301 
302:    0 821 2445 2030 2968 302 
303:    0 286 469 303 
304:    0 1954 257 1841 304 
305:    0 821 2356 819 704 395 305 
306:    0 821 425 306 
307:    0 2220 512 307 
308:    0 821 1265 531 308 
309:    0 1954 2053 489 1357 309 
310:    0 2539 2205 91 2846 310 
311:    0 2605 532 2353 2409 311 
312:    0 286 1695 2225 829 312 
313:    0 1954 2047 313 
314:    0 2539 1880 1829 314 
315:    0 278 1150 2394 1894 315 
316:    0 821 235 159 2523 2 316 
317:    0 1954 161 2270 317 
318:    0 2605 2281 2143 1011 318 
319:    0 2539 2205 1905 319 
320:    0 821 425 31 2502 320 
321:    0 2539 2205 2566 1641 321 
322:    0 821 2445 252 1822 322 
323:    0 821 425 2981 323 
324:    0 1954 257 1750 324 
325:    0 821 2445 468 1676 332 325 
326:    0 2714 1887 956 453 326 
327:    0 821 2356 819 781 327 
328:    0 2714 2765 328 
329:    0 2605 329 
330:    0 286 660 330 
331:    0 821 2356 492 2280 331 
332:    0 821 2445 468 1676 332 
333:    0 2539 333 
334:    0 821 726 2455 1122 334 
335:    0 821 2356 335 
336:    0 821 726 2231 587 336 
337:    0 821 1670 337 
338:    0 821 2445 2030 1197 338 
339:    0 420 339 
340:    0 821 2445 2958 340 
341:    0 821 726 2231 1145 341 
342:    0 2539 2205 342 
343:    0 821 425 749 343 
344:    0 2714 2765 261 344 
345:    0 420 339 345 
346:    0 821 2445 2958 2656 346 
347:    0 2714 1971 2877 347 
348:    0 2605 2281 2818 348 
349:    0 821 2445 2958 2987 1602 349 
350:    0 1954 2053 350 
351:    0 821 175 26 351 
352:    0 821 175 2105 352 
353:    0 2539 2205 91 2957 1056 353 
354:    0 821 1918 761 354 
355:    0 821 425 2682 285 355 
356:    0 2714 356 
357:    0 821 726 2349 357 
358:    0 821 2445 252 1674 358 
359:    0 1954 2419 1949 359 
360:    0 2714 2765 922 360 
361:    0 821 1265 1675 361 
362:    0 2714 2765 362 
363:    0 2714 1887 956 453 326 363 
364:    0 1954 257 1441 523 364 
365:    0 2220 995 1779 365 
366:    0 915 2184 2079 516 366 
367:    0 821 2445 367 
368:    0 1954 2419 524 1622 368 
369:    0 1954 2419 524 811 369 
370:    0 2714 1971 2877 370 
371:    0 821 1265 1731 2667 140 371 
372:    0 2539 2924 213 372 
373:    0 821 726 2057 258 373 
374:    0 2714 2245 374 
375:    0 2714 2245 1573 375 
376:    0 2605 2281 2143 1889 376 
377:    0 821 1265 1731 2937 2498 377 
378:    0 2714 1326 378 
379:    0 1954 2419 848 2821 379 
380:    0 915 960 380 
381:    0 821 1265 1970 381 
382:    0 286 2031 382 
383:    0 2605 2281 383 
384:    0 821 2445 252 1822 384 
385:    0 821 2445 2030 2787 1332 385 
386:    0 915 1378 386 
387:    0 821 1670 900 387 
388:    0 286 2031 1961 388 
389:    0 1954 2419 848 389 
390:    0 2714 2765 261 2074 390 
391:    0 821 2445 2030 2965 2611 391 
392:    0 821 425 1987 1191 2518 1652 392 
393:    0 821 2356 819 704 393 
394:    0 821 425 2810 394 
395:    0 821 2356 819 704 395 
396:    0 2539 2205 2566 2985 396 
397:    0 2714 2765 261 397 
398:    0 821 726 2349 431 398 
399:    0 1954 2419 848 399 
400:    0 1954 161 805 400 
401:    0 821 425 1987 1726 401 
402:    0 821 726 2349 1963 997 402 
403:    0 821 175 515 403 
404:    0 821 2356 819 704 395 404 
405:    0 821 726 634 675 405 
406:    0 821 425 1987 1191 406 
407:    0 821 175 2866 407 
408:    0 821 1265 937 1116 408 
409:    0 821 1670 1761 1551 409 
410:    0 1954 2419 848 399 410 
411:    0 2605 2281 2143 437 411 
412:    0 821 425 2981 1061 412 
413:    0 821 2356 426 2243 48 413 
414:    0 2220 557 414 
415:    0 821 2356 819 781 2193 415 
416:    0 1954 2419 848 2480 416 
417:    0 2714 2062 1361 417 
418:    0 2714 180 418 
419:    0 2220 954 27 1002 419 
420:    0 420 
421:    0 1954 257 1441 421 
422:    0 821 235 422 
423:    0 1954 2167 1906 423 
424:    0 2714 2765 328 253 424 
425:    0 821 425 
426:    0 821 2356 426 
427:    0 2714 2062 775 427 
428:    0 1954 2419 848 428 
429:    0 286 1965 1946 429 
430:    0 2714 2245 2312 430 
431:    0 821 726 2349 431 
432:    0 821 726 2349 432 
433:    0 1954 2419 848 810 953 433 
434:    0 821 2445 468 1676 1725 434 
435:    0 1954 2419 524 811 435 
436:    0 2220 1093 2562 436 
437:    0 2605 2281 2143 437 
438:    0 1954 2167 1906 438 
439:    0 2605 185 439 
440:    0 821 425 31 1524 440 
441:    0 821 1265 1675 441 
442:    0 1954 257 1593 442 
443:    0 2220 954 526 443 
444:    0 1954 2047 1736 444 
445:    0 821 425 31 2502 1553 1439 445 
446:    0 2539 2205 342 29 446 
447:    0 1954 257 1593 2774 447 
448:    0 2605 2281 861 1248 2960 448 
449:    0 1954 2419 449 
450:    0 821 235 450 
451:    0 2714 1971 595 2032 451 
452:    0 821 1265 452 
453:    0 2714 1887 956 453 
454:    0 821 726 2231 2177 1291 454 
455:    0 821 2356 2119 1860 455 
456:    0 1954 2419 524 1622 456 
457:    0 915 1043 589 457 
458:    0 1954 2419 1355 1902 458 
459:    0 821 2445 252 2898 459 
460:    0 821 726 634 460 
461:    0 1954 2419 848 399 985 461 
462:    0 2539 2205 2566 462 
463:    0 821 425 2810 463 
464:    0 821 2356 819 781 1585 464 
465:    0 2714 1326 480 1379 465 
466:    0 915 960 380 466 
467:    0 821 1265 109 467 
468:    0 821 2445 468 
469:    0 286 469 
470:    0 2320 1320 470 
471:    0 286 1695 882 471 
472:    0 821 1265 1578 472 
473:    0 2539 2205 2566 2985 396 473 
474:    0 1954 2167 1906 474 
475:    0 821 425 2981 475 
476:    0 1954 257 1441 476 
477:    0 821 2445 2030 477 
478:    0 2714 2245 1888 1537 478 
479:    0 821 2445 468 2507 1935 479 
480:    0 2714 1326 480 
481:    0 821 425 2682 528 481 
482:    0 2320 1320 482 
483:    0 2714 2245 1573 483 
484:    0 821 2445 571 484 
485:    0 821 2445 468 1676 1823 485 
486:    0 821 425 2682 486 
487:    0 821 2445 2030 729 487 
488:    0 1954 257 1593 488 
489:    0 1954 2053 489 
490:    0 821 2356 2119 490 
491:    0 821 425 31 491 
492:    0 821 2356 492 
493:    0 821 726 2349 1264 493 
494:    0 1954 2419 848 2480 494 
495:    0 821 2445 468 2507 495 
496:    0 821 2356 335 496 
497:    0 2714 1887 956 2895 497 
498:    0 821 235 450 498 
499:    0 821 2445 468 1676 1725 499 
500:    0 821 2356 819 781 500 
501:    0 821 1670 511 2294 501 
502:    0 821 726 634 2922 502 
503:    0 2220 954 1807 503 
504:    0 821 425 2682 129 504 
505:    0 1954 257 1750 1473 505 
506:    0 821 425 2810 506 
507:    0 2714 2300 507 
508:    0 821 726 2231 2177 2314 508 
509:    0 821 175 1638 509 
510:    0 2714 2765 922 1370 510 
511:    0 821 1670 511 
512:    0 2220 512 
513:    0 2714 2245 1452 513 
514:    0 821 2445 2030 1197 1948 514 
515:    0 821 175 515 
516:    0 915 2184 2079 516 
517:    0 2539 2205 2566 2126 517 
518:    0 2714 112 2315 518 
519:    0 1954 2419 848 2480 494 519 
520:    0 821 2356 1476 2358 18 520 
521:    0 821 2356 819 781 1585 521 
522:    0 286 1695 882 471 522 
523:    0 1954 257 1441 523 
524:    0 1954 2419 524 
525:    0 525 
526:    0 2220 954 526 
527:    0 2714 1971 2877 527 
528:    0 821 425 2682 528 
529:    0 1954 257 1841 1517 529 
530:    0 821 2643 2052 530 
531:    0 821 1265 531 
532:    0 2605 532 
533:    0 2539 2205 342 1333 533 
534:    0 2714 1845 1388 534 
535:    0 821 726 2231 535 
536:    0 821 2445 571 2171 536 
537:    0 2320 2509 537 
538:    0 2714 1326 480 1379 538 
539:    0 821 425 2139 539 
540:    0 1954 161 2270 317 540 
541:    0 821 726 2057 2763 610 541 
542:    0 1954 2047 542 
543:    0 420 2250 264 543 
544:    0 821 2356 819 704 544 
545:    0 286 469 545 
546:    0 821 425 1987 1191 2518 546 
547:    0 2539 2205 2566 1115 197 547 
548:    0 821 726 2910 548 
549:    0 2220 2426 1425 549 
550:    0 821 2356 819 704 550 
551:    0 1954 2419 1355 1902 551 
552:    0 2605 2281 552 
553:    0 2714 1326 553 
554:    0 2220 2426 554 
555:    0 821 425 749 1709 555 
556:    0 2714 1845 556 
557:    0 2220 557 
558:    0 2605 673 979 49 558 
559:    0 2539 2205 2566 559 
560:    0 1954 2419 848 2326 2429 560 
561:    0 1954 561 
562:    0 821 726 2231 2177 2314 562 
563:    0 821 175 2866 563 
564:    0 2714 2765 261 564 
565:    0 2539 217 565 
566:    0 286 566 
567:    0 2714 1887 1208 567 
568:    0 1954 2419 848 2480 494 568 
569:    0 420 339 2565 569 
570:    0 2605 2281 861 570 
571:    0 821 2445 571 
572:    0 1954 257 1841 304 572 
573:    0 821 1670 511 1632 573 
574:    0 2714 2245 1888 1537 574 
575:    0 2539 1880 37 1304 575 
576:    0 2714 1971 2877 527 576 
577:    0 2220 995 577 
578:    0 2539 2205 223 578 
579:    0 821 726 2343 1988 579 
580:    0 821 425 1987 580 
581:    0 2220 512 892 903 581 
582:    0 2605 673 979 582 
583:    0 821 2445 2030 583 
584:    0 2539 2205 91 1155 584 
585:    0 278 1150 2394 585 
586:    0 1954 2167 586 
587:    0 821 726 2231 587 
588:    0 821 726 634 1097 1081 297 588 
589:    0 915 1043 589 
590:    0 2605 2281 832 590 
591:    0 1954 257 1750 591 
592:    0 2714 1971 592 
593:    0 1954 2419 848 1467 593 
594:    0 821 2356 819 594 
595:    0 2714 1971 595 
596:    0 2605 596 
597:    0 821 2356 819 597 
598:    0 1954 257 1841 1517 529 598 
599:    0 2714 2765 748 599 
600:    0 286 1965 600 
601:    0 2539 2205 2566 1641 601 
602:    0 2539 2205 91 2567 1104 602 
603:    0 2714 2765 2905 2027 603 
604:    0 821 425 749 1569 189 604 
605:    0 821 425 31 2502 1553 605 
606:    0 821 726 2349 431 606 
607:    0 2220 1430 607 
608:    0 821 726 2910 24 1412 608 
609:    0 821 2356 819 704 609 
610:    0 821 726 2057 2763 610 
611:    0 915 2947 611 
612:    0 2605 2281 2143 612 
613:    0 2605 673 613 
614:    0 821 425 1987 227 614 
615:    0 821 2445 802 1891 615 
616:    0 2220 954 616 
617:    0 2714 2765 261 397 617 
618:    0 821 1265 1578 618 
619:    0 821 2445 802 1142 619 
620:    0 821 2445 468 890 620 
621:    0 821 1918 694 2778 621 
622:    0 821 726 2231 2177 1054 622 
623:    0 821 726 2231 2177 88 623 
624:    0 2714 2765 624 
625:    0 915 1378 625 
626:    0 2714 2765 922 626 
627:    0 821 2356 492 13 627 
628:    0 821 2356 819 704 550 628 
629:    0 2320 2509 537 2488 629 
630:    0 821 425 2008 630 
631:    0 2605 2281 1008 631 
632:    0 2539 632 
633:    0 821 425 633 
634:    0 821 726 634 
635:    0 2714 112 1749 635 
636:    0 821 2445 468 1676 1941 636 
637:    0 2714 2245 1452 513 637 
638:    0 286 566 2189 638 
639:    0 2220 954 526 2625 639 
640:    0 821 2356 2119 275 640 
641:    0 821 1265 875 2395 641 
642:    0 821 2445 252 1822 384 642 
643:    0 2539 2924 643 
644:    0 821 726 634 1223 644 
645:    0 420 339 1371 645 
646:    0 821 425 1987 2148 646 
647:    0 821 2356 1476 2358 647 
648:    0 821 175 2866 668 648 
649:    0 420 649 
650:    0 286 566 2375 650 
651:    0 2539 2205 91 1221 651 
652:    0 1954 257 1750 652 
653:    0 1954 2419 524 1622 653 
654:    0 1954 257 1841 1517 822 654 
655:    0 821 1670 337 655 
656:    0 2539 2205 2566 1115 1576 656 
657:    0 821 1670 511 657 
658:    0 2714 2765 261 564 658 
659:    0 821 1265 1578 659 
660:    0 286 660 
661:    0 821 726 661 
662:    0 2539 2205 2566 2126 662 
663:    0 1954 2167 1906 2799 663 
664:    0 2714 2765 261 790 664 
665:    0 1954 2419 848 399 665 
666:    0 2714 2062 1361 666 
667:    0 2539 2205 2566 2985 2287 983 667 
668:    0 821 175 2866 668 
669:    0 1954 257 1750 260 669 
670:    0 1954 257 1841 1489 670 
671:    0 821 1265 937 671 
672:    0 2220 2426 672 
673:    0 2605 673 
674:    0 1954 2419 848 674 
675:    0 821 726 634 675 
676:    0 821 425 2529 55 676 
677:    0 821 425 1987 227 677 
678:    0 2714 2765 1342 678 
679:    0 821 726 2231 965 679 
680:    0 2605 673 1105 680 
681:    0 821 726 681 
682:    0 2539 2205 91 682 
683:    0 821 2445 802 683 
684:    0 915 2690 684 
685:    0 821 726 2231 2177 685 
686:    0 821 2356 819 2412 686 
687:    0 1954 257 1833 2711 687 
688:    0 821 235 450 688 
689:    0 1954 257 2003 689 
690:    0 821 175 1778 2527 690 
691:    0 1954 561 691 
692:    0 821 175 2866 2214 692 
693:    0 821 2356 44 693 
694:    0 821 1918 694 
695:    0 2220 954 695 
696:    0 2605 2281 2143 696 
697:    0 2539 1103 697 
698:    0 821 2445 1528 698 
699:    0 915 2184 205 699 
700:    0 821 1670 511 2294 501 700 
701:    0 821 726 2231 2177 1215 701 
702:    0 821 1918 761 1649 702 
703:    0 2539 2205 342 1333 703 
704:    0 821 2356 819 704 
705:    0 420 1818 1446 705 
706:    0 2539 2205 342 706 
707:    0 821 2445 2030 2787 707 
708:    0 2714 2765 748 708 
709:    0 821 2445 2958 1339 709 
710:    0 821 2445 252 1822 1107 710 
711:    0 821 1265 1321 2276 711 
712:    0 821 2445 2958 1832 744 124 712 
713:    0 821 425 2008 713 
714:    0 1163 714 
715:    0 821 2445 571 2171 715 
716:    0 2539 1880 716 
717:    0 2539 2060 717 
718:    0 1954 2419 524 811 369 718 
719:    0 821 1346 719 
720:    0 2539 2205 91 2567 720 
721:    0 821 1265 1731 2667 721 
722:    0 821 2356 492 2280 722 
723:    0 821 1670 1050 723 
724:    0 821 235 422 2522 724 
725:    0 821 1918 761 1649 725 
726:    0 821 726 
727:    0 2714 2765 1052 727 
728:    0 2539 2924 1296 728 
729:    0 821 2445 2030 729 
730:    0 915 960 730 
731:    0 2714 1326 731 
732:    0 821 425 2981 1061 1032 732 
733:    0 2320 1320 733 
734:    0 286 2734 951 734 
735:    0 2714 112 735 
736:    0 821 726 2349 431 736 
737:    0 821 2445 252 1901 737 
738:    0 2539 2205 91 2846 65 738 
739:    0 2220 512 307 739 
740:    0 2320 740 
741:    0 1954 257 1841 1517 2037 741 
742:    0 821 175 1520 2051 742 
743:    0 2539 2205 2566 1115 1576 743 
744:    0 821 2445 2958 1832 744 
745:    0 2714 745 
746:    0 2220 2426 672 746 
747:    0 1163 747 
748:    0 2714 2765 748 
749:    0 821 425 749 
750:    0 1163 750 
751:    0 821 425 31 1524 1710 751 
752:    0 821 1670 752 
753:    0 821 2356 889 753 
754:    0 2320 1696 72 1994 754 
755:    0 1954 2419 848 122 755 
756:    0 821 425 1987 1191 756 
757:    0 1954 2419 1949 210 757 
758:    0 821 2356 819 2412 758 
759:    0 821 2445 2958 2987 1602 759 
760:    0 821 425 1987 580 2790 760 
761:    0 821 1918 761 
762:    0 2320 1696 762 
763:    0 2714 1971 2877 860 763 
764:    0 2714 2765 261 397 764 
765:    0 821 1265 1731 2631 765 
766:    0 2714 1971 2877 766 
767:    0 2714 2245 2312 767 
768:    0 821 1670 900 387 768 
769:    0 2605 2281 2818 769 
770:    0 821 2356 819 2412 1804 770 
771:    0 1954 2419 848 2821 2122 771 
772:    0 2605 2281 861 772 
773:    0 1954 257 1835 1131 773 
774:    0 821 1346 719 774 
775:    0 2714 2062 775 
776:    0 2605 532 776 
777:    0 821 1265 1675 777 
778:    0 2539 2205 778 
779:    0 821 425 2981 1061 1032 779 
780:    0 1954 2419 1928 780 
781:    0 821 2356 819 781 
782:    0 2539 2924 1296 295 782 
783:    0 821 2356 1476 2358 783 
784:    0 821 726 634 784 
785:    0 821 2445 2030 2806 785 
786:    0 821 425 2981 1117 786 
787:    0 821 726 2343 787 
788:    0 2714 1887 956 788 
789:    0 821 2445 252 1674 1416 789 
790:    0 2714 2765 261 790 
791:    0 821 1265 1578 618 791 
792:    0 1954 2419 848 810 1644 792 
793:    0 2714 2765 793 
794:    0 286 469 1536 794 
795:    0 821 2445 2030 2787 795 
796:    0 2714 1971 595 796 
797:    0 821 2445 2958 2987 1602 133 797 
798:    0 2220 512 2383 798 
799:    0 2220 2426 554 799 
800:    0 821 425 2810 394 800 
801:    0 821 1670 511 801 
802:    0 821 2445 802 
803:    0 2220 954 803 
804:    0 821 726 634 2922 1096 804 
805:    0 1954 161 805 
806:    0 286 566 806 
807:    0 1954 2971 807 
808:    0 821 2356 819 781 327 808 
809:    0 1954 257 1593 2774 809 
810:    0 1954 2419 848 810 
811:    0 1954 2419 524 811 
812:    0 821 2445 2958 2987 1602 812 
813:    0 2539 1880 37 813 
814:    0 821 175 1778 814 
815:    0 2320 740 815 
816:    0 2714 2296 2093 816 
817:    0 821 726 817 
818:    0 1954 2419 848 2821 818 
819:    0 821 2356 819 
820:    0 821 1265 109 2966 820 
821:    0 821 
822:    0 1954 257 1841 1517 822 
823:    0 2714 1971 2877 1201 2881 823 
824:    0 821 726 2057 258 824 
825:    0 821 726 634 675 2468 825 
826:    0 2539 2060 717 826 
827:    0 821 175 827 
828:    0 1954 2419 1928 828 
829:    0 286 1695 2225 829 
830:    0 821 1918 761 1383 830 
831:    0 821 2643 831 
832:    0 2605 2281 832 
833:    0 1954 257 1841 1517 10 833 
834:    0 2605 2281 2143 1442 834 
835:    0 1954 2483 835 
836:    0 915 2635 1828 836 
837:    0 2714 112 837 
838:    0 821 726 2455 838 
839:    0 821 425 749 2830 839 
840:    0 2714 1971 595 2032 840 
841:    0 420 1818 841 
842:    0 2539 2205 2566 842 
843:    0 2539 2205 342 1333 1329 843 
844:    0 821 425 2139 539 844 
845:    0 1954 2419 848 2326 2644 845 
846:    0 2539 2205 2566 1641 321 846 
847:    0 821 1670 900 1912 847 
848:    0 1954 2419 848 
849:    0 821 425 2981 1061 118 849 
850:    0 1954 2053 2438 1707 850 
851:    0 821 425 2682 851 
852:    0 821 2356 1476 2358 852 
853:    0 821 2445 468 1676 853 
854:    0 2714 1245 854 
855:    0 821 726 2231 855 
856:    0 286 566 1624 856 
857:    0 2539 2205 91 2846 65 857 
858:    0 1954 2419 524 1622 858 
859:    0 821 2445 468 1676 859 
860:    0 2714 1971 2877 860 
861:    0 2605 2281 861 
862:    0 278 862 
863:    0 821 235 159 1380 863 
864:    0 1954 2419 1949 210 757 864 
865:    0 821 2445 252 1822 865 
866:    0 821 2445 802 1142 866 
867:    0 2539 1880 1829 867 
868:    0 2714 2062 2547 868 
869:    0 821 2445 367 1014 869 
870:    0 2714 1887 950 870 
871:    0 821 1670 2421 871 
872:    0 821 1265 945 1338 872 
873:    0 821 425 2139 873 
874:    0 286 1695 2838 874 
875:    0 821 1265 875 
876:    0 821 1309 876 
877:    0 821 2356 335 496 1269 877 
878:    0 821 425 2529 1522 878 
879:    0 821 726 2349 432 879 
880:    0 286 1695 2586 880 
881:    0 821 726 681 1892 881 
882:    0 286 1695 882 
883:    0 821 2445 252 1674 229 883 
884:    0 2714 1326 480 1037 884 
885:    0 821 2356 819 2412 885 
886:    0 2714 1887 950 870 886 
887:    0 1954 2053 887 
888:    0 821 175 1778 2527 888 
889:    0 821 2356 889 
890:    0 821 2445 468 890 
891:    0 915 2635 1828 891 
892:    0 2220 512 892 
893:    0 420 2250 1712 893 
894:    0 2539 2205 91 682 894 
895:    0 2714 1971 2233 895 
896:    0 821 425 31 1524 1710 896 
897:    0 821 425 31 2502 897 
898:    0 821 2356 492 13 627 898 
899:    0 286 1695 2838 899 
900:    0 821 1670 900 
901:    0 1954 2419 1949 210 901 
902:    0 915 1378 386 902 
903:    0 2220 512 892 903 
904:    0 286 1695 2586 880 904 
905:    0 821 726 2231 587 2246 905 
906:    0 821 1670 511 906 
907:    0 2539 2205 91 2567 907 
908:    0 821 726 2349 1114 908 
909:    0 2714 1887 2088 909 
910:    0 821 2445 2958 910 
911:    0 2714 1326 553 911 
912:    0 821 2356 2396 912 
913:    0 1954 2419 848 674 913 
914:    0 821 2445 1528 914 
915:    0 915 
916:    0 821 2445 2958 2987 1602 759 916 
917:    0 1954 2419 848 399 410 917 
918:    0 821 425 2008 630 2941 918 
919:    0 278 1150 1129 919 
920:    0 821 1265 920 
921:    0 821 2445 2030 1055 2339 2019 921 
922:    0 2714 2765 922 
923:    0 2539 2205 342 1333 1838 923 
924:    0 821 175 2866 668 924 
925:    0 821 235 450 688 925 
926:    0 821 1265 875 1228 926 
927:    0 420 927 
928:    0 821 1265 1578 1620 928 
929:    0 1954 2419 1855 929 
930:    0 1954 2419 848 2480 416 930 
931:    0 2714 1971 33 931 
932:    0 286 1695 2005 2857 932 
933:    0 821 2445 252 1674 933 
934:    0 821 726 817 934 
935:    0 821 2356 2119 935 
936:    0 821 175 827 936 
937:    0 821 1265 937 
938:    0 821 2445 802 1891 938 
939:    0 2605 2281 1008 939 
940:    0 1954 257 1841 1517 2037 940 
941:    0 1163 941 
942:    0 821 1265 1578 472 942 
943:    0 821 2356 2119 2285 943 
944:    0 821 2445 571 2171 944 
945:    0 821 1265 945 
946:    0 821 175 1257 946 
947:    0 2714 2765 2779 947 
948:    0 821 1265 109 948 
949:    0 2539 2060 717 949 
950:    0 2714 1887 950 
951:    0 286 2734 951 
952:    0 821 235 159 1380 1418 952 
953:    0 1954 2419 848 810 953 
954:    0 2220 954 
955:    0 1954 257 1841 1517 955 
956:    0 2714 1887 956 
957:    0 821 175 2318 2983 957 
958:    0 2539 2205 2566 2985 958 
959:    0 286 566 959 
960:    0 915 960 
961:    0 2539 2205 91 1155 2500 961 
962:    0 278 962 
963:    0 821 726 634 963 
964:    0 2220 954 2614 964 
965:    0 821 726 2231 965 
966:    0 2714 1971 2877 766 966 
967:    0 821 1265 1675 1153 967 
968:    0 821 425 2981 1117 786 968 
969:    0 2539 2060 717 969 
970:    0 2714 2245 1573 970 
971:    0 2539 2205 342 971 
972:    0 821 2445 2030 729 972 
973:    0 2539 2205 91 2957 973 
974:    0 2714 2245 1573 375 974 
975:    0 2714 2765 261 975 
976:    0 286 1695 2586 880 976 
977:    0 2605 185 439 977 
978:    0 821 2445 978 
979:    0 2605 673 979 
980:    0 2539 2205 91 2846 65 980 
981:    0 821 235 422 981 
982:    0 2714 2765 1052 1673 982 
983:    0 2539 2205 2566 2985 2287 983 
984:    0 821 425 2682 486 139 984 
985:    0 1954 2419 848 399 985 
986:    0 1954 2167 1906 1501 986 
987:    0 2714 1845 987 
988:    0 2605 596 988 
989:    0 2605 2281 2143 437 989 
990:    0 821 726 634 1236 990 
991:    0 821 1918 2973 1668 991 
992:    0 821 175 992 
993:    0 2539 2205 342 1333 533 993 
994:    0 2714 2765 2905 2027 1482 994 
995:    0 2220 995 
996:    0 2714 2245 1452 1610 996 
997:    0 821 726 2349 1963 997 
998:    0 2714 1326 553 2630 998 
999:    0 2714 999 
1000:    0 821 175 1778 1609 1000 
1001:    0 821 235 422 1001 
1002:    0 2220 954 27 1002 
1003:    0 821 1918 2973 1781 1003 
1004:    0 821 726 2057 258 1004 
1005:    0 821 2356 1005 
1006:    0 821 425 2139 873 1006 
1007:    0 2714 2765 922 1370 1007 
1008:    0 2605 2281 1008 
1009:    0 2220 512 1009 
1010:    0 821 2445 2030 1055 1010 
1011:    0 2605 2281 2143 1011 
1012:    0 821 2445 1420 1012 
1013:    0 2539 2205 2566 2126 143 1013 
1014:    0 821 2445 367 1014 
1015:    0 821 175 2866 2214 1015 
1016:    0 821 175 515 1016 
1017:    0 2605 2281 2143 1442 1017 
1018:    0 821 235 159 1018 
1019:    0 821 2445 2958 1339 1019 
1020:    0 821 175 4 1020 
1021:    0 821 2445 2030 1197 1021 
1022:    0 1954 2419 1928 1022 
1023:    0 286 1695 2225 2929 1023 
1024:    0 2605 673 979 49 1024 
1025:    0 1954 2419 848 122 755 1025 
1026:    0 821 425 2981 1061 2038 1026 
1027:    0 2714 1887 950 870 1027 
1028:    0 420 2253 1510 1028 
1029:    0 821 425 2682 486 1029 
1030:    0 1954 257 1841 1175 1030 
1031:    0 821 2445 2030 1197 1948 1031 
1032:    0 821 425 2981 1061 1032 
1033:    0 286 566 2839 1033 
1034:    0 2539 2205 91 1155 584 1034 
1035:    0 1954 2167 1035 
1036:    0 821 2445 252 1674 1416 1036 
1037:    0 2714 1326 480 1037 
1038:    0 821 726 634 2288 1038 
1039:    0 821 175 2866 98 1039 
1040:    0 821 235 159 1231 242 1040 
1041:    0 821 2445 2030 1055 2506 1041 
1042:    0 2714 2765 261 1042 
1043:    0 915 1043 
1044:    0 821 425 2810 1044 
1045:    0 2320 740 2505 1045 
1046:    0 2220 954 27 1046 
1047:    0 821 1265 1731 2667 1409 1047 
1048:    0 821 425 31 1524 1250 1048 
1049:    0 286 1695 1049 
1050:    0 821 1670 1050 
1051:    0 2605 2281 2143 1889 1051 
1052:    0 2714 2765 1052 
1053:    0 821 2445 2030 2968 1053 
1054:    0 821 726 2231 2177 1054 
1055:    0 821 2445 2030 1055 
1056:    0 2539 2205 91 2957 1056 
1057:    0 821 726 2343 75 1463 1057 
1058:    0 2714 1971 2877 1058 
1059:    0 2539 2205 91 2153 1059 
1060:    0 821 2445 2030 2968 1060 
1061:    0 821 425 2981 1061 
1062:    0 1954 2053 489 2991 1062 
1063:    0 2320 1320 1063 
1064:    0 821 726 634 675 1064 
1065:    0 821 175 827 101 1065 
1066:    0 2714 1887 1066 
1067:    0 821 2445 468 1676 2961 1067 
1068:    0 821 425 2981 2211 1068 
1069:    0 2605 2281 1069 
1070:    0 2220 954 695 1070 
1071:    0 821 1265 875 2769 1071 
1072:    0 2714 2296 2091 1072 
1073:    0 821 726 2231 2177 1073 
1074:    0 821 1670 1074 
1075:    0 1954 257 1750 324 1075 
1076:    0 2539 2060 1076 
1077:    0 1954 257 1841 1175 2303 1077 
1078:    0 821 726 2455 1122 1078 
1079:    0 2714 2296 1079 
1080:    0 1954 2419 848 399 1080 
1081:    0 821 726 634 1097 1081 
1082:    0 1954 257 1593 1241 1082 
1083:    0 821 2356 2119 2285 1083 
1084:    0 1954 2053 2269 1084 
1085:    0 821 175 2866 98 1085 
1086:    0 2714 1971 2233 1203 1086 
1087:    0 821 235 450 1087 
1088:    0 2714 2765 2325 1088 
1089:    0 821 1670 193 290 1089 
1090:    0 2539 2205 91 2957 1056 1090 
1091:    0 821 2445 2030 729 1091 
1092:    0 821 2356 335 1092 
1093:    0 2220 1093 
1094:    0 2714 1887 956 1094 
1095:    0 2220 1093 1095 
1096:    0 821 726 634 2922 1096 
1097:    0 821 726 634 1097 
1098:    0 821 1670 1098 
1099:    0 821 726 634 1097 2871 1099 
1100:    0 2220 512 892 1100 
1101:    0 1954 2053 1101 
1102:    0 915 1102 
1103:    0 2539 1103 
1104:    0 2539 2205 91 2567 1104 
1105:    0 2605 673 1105 
1106:    0 1954 2419 1949 210 757 1106 
1107:    0 821 2445 252 1822 1107 
1108:    0 2714 2245 1573 375 1108 
1109:    0 821 425 2139 873 1109 
1110:    0 2539 2205 2566 2126 662 1110 
1111:    0 821 425 1987 1191 1111 
1112:    0 821 1112 
1113:    0 821 2643 2678 1113 
1114:    0 821 726 2349 1114 
1115:    0 2539 2205 2566 1115 
1116:    0 821 1265 937 1116 
1117:    0 821 425 2981 1117 
1118:    0 821 2445 468 2507 279 1359 1118 
1119:    0 821 235 450 688 1119 
1120:    0 2714 1326 553 1120 
1121:    0 821 726 2349 1963 1121 
1122:    0 821 726 2455 1122 
1123:    0 821 2445 252 1822 384 642 1123 
1124:    0 2605 2281 861 1611 1124 
1125:    0 2714 1971 592 1125 
1126:    0 2605 2281 861 2834 1997 1126 
1127:    0 2539 2205 1905 1127 
1128:    0 2714 1326 480 1128 
1129:    0 278 1150 1129 
1130:    0 1954 2047 542 1130 
1131:    0 1954 257 1835 1131 
1132:    0 821 726 2349 432 1132 
1133:    0 821 2445 2958 1832 1133 
1134:    0 821 2445 252 1674 1258 1134 
1135:    0 821 726 2231 965 1135 
1136:    0 1954 2971 1136 
1137:    0 821 726 634 1137 
1138:    0 821 726 2231 587 2246 905 1138 
1139:    0 821 726 634 1139 
1140:    0 2320 1696 72 1140 
1141:    0 821 2445 2030 1197 1141 
1142:    0 821 2445 802 1142 
1143:    0 2605 673 1143 
1144:    0 2605 2281 861 1144 
1145:    0 821 726 2231 1145 
1146:    0 420 339 1146 
1147:    0 821 726 2057 258 824 1147 
1148:    0 821 235 159 1148 
1149:    0 821 425 1987 227 2599 1149 
1150:    0 278 1150 
1151:    0 2714 2765 1052 1151 
1152:    0 821 726 2231 1691 1152 
1153:    0 821 1265 1675 1153 
1154:    0 1954 2053 489 2543 2333 1154 
1155:    0 2539 2205 91 1155 
1156:    0 821 425 31 2502 268 1156 
1157:    0 821 2445 2030 1055 1471 1157 
1158:    0 821 726 634 1097 1081 1158 
1159:    0 821 726 2231 1159 
1160:    0 821 2356 426 2243 48 1160 
1161:    0 821 425 2981 2742 1161 
1162:    0 821 175 827 101 1162 
1163:    0 1163 
1164:    0 2539 2060 1164 
1165:    0 821 726 634 2922 1165 
1166:    0 2539 2205 91 2567 187 2061 1166 
1167:    0 286 2031 2855 1167 
1168:    0 1954 2419 848 810 1168 
1169:    0 821 726 634 2288 1169 
1170:    0 420 339 113 1170 
1171:    0 2539 2205 91 682 1171 
1172:    0 1954 2419 848 810 953 201 1172 
1173:    0 821 425 2981 1173 
1174:    0 821 726 2057 1900 1174 
1175:    0 1954 257 1841 1175 
1176:    0 915 2635 1828 1176 
1177:    0 1954 257 1835 1177 
1178:    0 2320 740 2505 1178 
1179:    0 915 1378 625 69 1179 
1180:    0 1954 2419 848 428 1180 
1181:    0 2714 2765 2779 947 1181 
1182:    0 2220 954 526 1182 
1183:    0 1954 2053 489 1183 
1184:    0 2320 740 1184 
1185:    0 1954 2419 848 2326 2828 1185 
1186:    0 1954 257 1841 1517 1186 
1187:    0 821 726 634 460 2526 1187 
1188:    0 1954 2419 524 1188 
1189:    0 2539 2924 1296 1189 
1190:    0 821 2445 367 1190 
1191:    0 821 425 1987 1191 
1192:    0 821 726 634 1236 1192 
1193:    0 2320 740 1193 
1194:    0 821 175 1194 
1195:    0 2539 1103 1195 
1196:    0 821 425 1987 1191 1196 
1197:    0 821 2445 2030 1197 
1198:    0 2320 740 1198 
1199:    0 821 726 634 460 1199 
1200:    0 821 235 2130 1200 
1201:    0 2714 1971 2877 1201 
1202:    0 821 425 2981 1061 2038 1202 
1203:    0 2714 1971 2233 1203 
1204:    0 1954 257 1441 523 1204 
1205:    0 2539 1103 1205 
1206:    0 2714 2062 1206 
1207:    0 821 2445 2030 1197 1811 1207 
1208:    0 2714 1887 1208 
1209:    0 1954 257 2003 2497 1209 
1210:    0 2220 557 414 1210 
1211:    0 2714 2765 328 1211 
1212:    0 2714 1887 950 870 1212 
1213:    0 821 726 634 460 1213 
1214:    0 2220 1848 1214 
1215:    0 821 726 2231 2177 1215 
1216:    0 2714 1971 33 1541 1216 
1217:    0 286 1965 2916 1217 
1218:    0 821 425 2810 1218 
1219:    0 2539 1219 
1220:    0 915 1043 1220 
1221:    0 2539 2205 91 1221 
1222:    0 1954 257 2003 1222 
1223:    0 821 726 634 1223 
1224:    0 420 1818 1446 1224 
1225:    0 821 2356 1225 
1226:    0 2714 2765 922 360 1226 
1227:    0 821 425 31 1524 1227 
1228:    0 821 1265 875 1228 
1229:    0 2539 2205 342 1229 
1230:    0 2220 954 27 1230 
1231:    0 821 235 159 1231 
1232:    0 2605 2281 1069 2221 1232 
1233:    0 821 175 2318 1856 1233 
1234:    0 821 425 31 1234 
1235:    0 821 2445 802 292 1235 
1236:    0 821 726 634 1236 
1237:    0 1954 2419 848 2480 494 1237 
1238:    0 821 726 634 1097 1238 
1239:    0 821 2356 889 753 1239 
1240:    0 2605 673 1240 
1241:    0 1954 257 1593 1241 
1242:    0 821 425 2981 1117 1242 
1243:    0 2220 557 1243 
1244:    0 821 726 634 1097 1081 1244 
1245:    0 2714 1245 
1246:    0 2714 2062 1361 1246 
1247:    0 915 1378 1247 
1248:    0 2605 2281 861 1248 
1249:    0 420 339 267 1249 
1250:    0 821 425 31 1524 1250 
1251:    0 2714 1971 595 2503 1251 
1252:    0 286 566 1252 
1253:    0 2714 2765 922 1370 510 1253 
1254:    0 286 1695 2838 1254 
1255:    0 821 2445 2958 2987 1255 
1256:    0 2714 1971 595 1256 
1257:    0 821 175 1257 
1258:    0 821 2445 252 1674 1258 
1259:    0 821 726 2455 1122 1259 
1260:    0 821 425 31 2502 1260 
1261:    0 915 1378 2912 1261 
1262:    0 2714 2062 775 1262 
1263:    0 420 2250 2804 1263 
1264:    0 821 726 2349 1264 
1265:    0 821 1265 
1266:    0 821 2445 2958 2656 1266 
1267:    0 2220 954 2614 2172 1267 
1268:    0 821 2445 252 1822 1268 
1269:    0 821 2356 335 496 1269 
1270:    0 821 425 31 2041 1270 
1271:    0 821 175 2866 1271 
1272:    0 2220 512 892 1272 
1273:    0 2539 2205 342 1333 1838 1273 
1274:    0 821 1918 761 1274 
1275:    0 2539 2205 2566 1115 1316 1275 
1276:    0 2539 2205 2566 1115 1576 1276 
1277:    0 821 1265 875 1277 
1278:    0 2714 1971 595 2503 1278 
1279:    0 821 2445 1528 2704 1279 
1280:    0 1954 257 1441 476 1280 
1281:    0 1954 161 805 1281 
1282:    0 2605 2281 1282 
1283:    0 821 2356 819 704 544 1283 
1284:    0 2220 2426 672 746 1284 
1285:    0 821 2356 426 2243 1285 
1286:    0 2539 2205 778 1286 
1287:    0 821 425 2981 1061 1032 1287 
1288:    0 821 175 827 1570 1288 
1289:    0 821 425 2139 539 1289 
1290:    0 821 235 450 1290 
1291:    0 821 726 2231 2177 1291 
1292:    0 2220 954 27 1479 1292 
1293:    0 1954 2419 848 2326 2828 1293 
1294:    0 2605 673 1899 1294 
1295:    0 821 726 634 2922 1096 1295 
1296:    0 2539 2924 1296 
1297:    0 2714 1326 1297 
1298:    0 2539 2205 91 2957 1056 1298 
1299:    0 278 1150 1129 1299 
1300:    0 821 1670 900 1912 1300 
1301:    0 821 1918 694 2778 1301 
1302:    0 1954 2053 489 2302 1302 
1303:    0 2714 2245 1303 
1304:    0 2539 1880 37 1304 
1305:    0 2714 2765 2905 2347 1305 
1306:    0 2714 1971 2877 1201 1306 
1307:    0 821 726 2349 1963 1307 
1308:    0 821 425 2981 1061 2038 1308 
1309:    0 821 1309 
1310:    0 821 175 2318 1310 
1311:    0 2714 2245 1452 513 637 1311 
1312:    0 1954 2419 848 2821 1895 1312 
1313:    0 2714 1708 1313 
1314:    0 2539 2205 91 2153 1059 1314 
1315:    0 821 2356 819 2412 1315 
1316:    0 2539 2205 2566 1115 1316 
1317:    0 821 425 2981 2211 1317 
1318:    0 2605 2281 2143 1889 1318 
1319:    0 2714 2296 2091 1319 
1320:    0 2320 1320 
1321:    0 821 1265 1321 
1322:    0 2714 1887 950 1529 1322 
1323:    0 1954 2419 1928 1323 
1324:    0 1954 257 1833 2711 1324 
1325:    0 2714 112 2315 1404 1325 
1326:    0 2714 1326 
1327:    0 821 726 681 1327 
1328:    0 2539 2205 2566 1641 2117 1328 
1329:    0 2539 2205 342 1333 1329 
1330:    0 2714 2245 1888 1330 
1331:    0 821 2356 819 704 395 1331 
1332:    0 821 2445 2030 2787 1332 
1333:    0 2539 2205 342 1333 
1334:    0 2714 1334 
1335:    0 1954 2167 1906 474 1335 
1336:    0 821 2445 2958 2575 1336 
1337:    0 2605 329 1337 
1338:    0 821 1265 945 1338 
1339:    0 821 2445 2958 1339 
1340:    0 821 425 2008 1340 
1341:    0 2539 2205 2566 2985 1341 
1342:    0 2714 2765 1342 
1343:    0 821 726 2057 2763 1343 
1344:    0 821 425 749 1709 1344 
1345:    0 2605 2281 2818 1345 
1346:    0 821 1346 
1347:    0 2539 2205 91 2567 1104 1347 
1348:    0 1954 1348 
1349:    0 2539 2205 91 2153 1349 
1350:    0 2539 2205 91 1350 
1351:    0 2714 1887 950 1351 
1352:    0 1954 2419 848 399 172 1352 
1353:    0 1954 257 1593 1353 
1354:    0 821 425 1987 1191 1354 
1355:    0 1954 2419 1355 
1356:    0 821 2445 2030 1055 2339 1356 
1357:    0 1954 2053 489 1357 
1358:    0 821 425 2981 1061 2038 1202 1358 
1359:    0 821 2445 468 2507 279 1359 
1360:    0 286 1695 2586 1360 
1361:    0 2714 2062 1361 
1362:    0 2714 2765 261 790 1362 
1363:    0 821 175 2866 1363 
1364:    0 2220 954 2614 2621 1364 
1365:    0 821 2445 367 1365 
1366:    0 821 425 2810 506 1366 
1367:    0 821 2356 2119 2285 1367 
1368:    0 286 469 1368 
1369:    0 821 2445 2958 2656 1369 
1370:    0 2714 2765 922 1370 
1371:    0 420 339 1371 
1372:    0 821 2445 468 1676 332 1372 
1373:    0 2714 1326 480 1379 1373 
1374:    0 821 2356 819 2412 1374 
1375:    0 2714 2765 261 1375 
1376:    0 2539 2205 2566 2985 958 1376 
1377:    0 420 2253 1510 1377 
1378:    0 915 1378 
1379:    0 2714 1326 480 1379 
1380:    0 821 235 159 1380 
1381:    0 915 1381 
1382:    0 1954 257 1593 1241 1382 
1383:    0 821 1918 761 1383 
1384:    0 821 726 2057 2118 1384 
1385:    0 1954 257 1841 1517 1552 1385 
1386:    0 1954 2483 1435 1386 
1387:    0 2220 954 526 1550 1387 
1388:    0 2714 1845 1388 
1389:    0 821 726 2910 1389 
1390:    0 821 2445 2030 729 1390 
1391:    0 821 2445 2958 1339 1391 
1392:    0 821 1265 1578 1392 
1393:    0 286 566 806 1393 
1394:    0 915 2283 1394 
1395:    0 1954 2971 1395 
1396:    0 2220 954 27 1396 
1397:    0 1954 257 1593 1978 1397 
1398:    0 2714 180 1398 
1399:    0 821 2356 426 2243 2350 1399 
1400:    0 2714 1971 33 1600 1400 
1401:    0 821 726 2231 2177 1215 1401 
1402:    0 1954 257 1593 1241 1402 
1403:    0 821 1265 1675 1403 
1404:    0 2714 112 2315 1404 
1405:    0 2714 2245 1452 513 637 1405 
1406:    0 1954 2047 542 1406 
1407:    0 2605 185 1407 
1408:    0 1954 2419 848 428 145 1408 
1409:    0 821 1265 1731 2667 1409 
1410:    0 1954 2419 848 2821 1410 
1411:    0 2539 2205 223 1411 
1412:    0 821 726 2910 24 1412 
1413:    0 1954 2419 1413 
1414:    0 1954 561 691 1414 
1415:    0 821 726 634 675 1871 1415 
1416:    0 821 2445 252 1674 1416 
1417:    0 2714 1887 956 1417 
1418:    0 821 235 159 1380 1418 
1419:    0 821 1265 452 1419 
1420:    0 821 2445 1420 
1421:    0 2605 1545 1421 
1422:    0 286 2734 951 734 1422 
1423:    0 821 2356 819 704 393 1423 
1424:    0 2539 2205 91 2846 310 1424 
1425:    0 2220 2426 1425 
1426:    0 2714 1887 950 1596 1426 
1427:    0 1954 2053 1427 
1428:    0 2539 2205 91 2567 2272 1428 
1429:    0 821 726 634 675 2468 1429 
1430:    0 2220 1430 
1431:    0 821 425 2682 129 1431 
1432:    0 1954 2419 2160 1432 
1433:    0 2539 2205 91 2567 2108 1433 
1434:    0 278 1434 
1435:    0 1954 2483 1435 
1436:    0 1954 2167 1906 2799 1436 
1437:    0 1954 2419 524 1622 1437 
1438:    0 2539 2924 213 125 1438 
1439:    0 821 425 31 2502 1553 1439 
1440:    0 2539 2205 2566 1671 1440 
1441:    0 1954 257 1441 
1442:    0 2605 2281 2143 1442 
1443:    0 2605 532 1443 
1444:    0 1954 2419 524 1622 1444 
1445:    0 821 726 1445 
1446:    0 420 1818 1446 
1447:    0 2714 1887 956 1417 1447 
1448:    0 2539 2205 2566 1115 1448 
1449:    0 2714 2765 2905 2175 1449 
1450:    0 2605 673 979 1450 
1451:    0 821 2356 819 781 1451 
1452:    0 2714 2245 1452 
1453:    0 1954 257 1841 304 2808 1453 
1454:    0 2714 2765 1052 1454 
1455:    0 821 1309 1455 
1456:    0 2714 2296 1456 
1457:    0 821 2445 2030 2965 1515 1457 
1458:    0 1954 2053 489 1458 
1459:    0 2605 1459 
1460:    0 821 425 31 2502 1460 
1461:    0 821 1670 900 387 1461 
1462:    0 1954 257 1841 1517 1462 
1463:    0 821 726 2343 75 1463 
1464:    0 821 2356 2119 2285 1464 
1465:    0 821 1265 945 62 1465 
1466:    0 2714 1971 2569 1466 
1467:    0 1954 2419 848 1467 
1468:    0 2220 512 1468 
1469:    0 821 726 2231 2177 88 1469 
1470:    0 2220 512 1470 
1471:    0 821 2445 2030 1055 1471 
1472:    0 915 2635 1472 
1473:    0 1954 257 1750 1473 
1474:    0 821 235 159 1474 
1475:    0 821 1918 2973 1781 1475 
1476:    0 821 2356 1476 
1477:    0 821 1265 875 1477 
1478:    0 821 2445 468 2507 279 1478 
1479:    0 2220 954 27 1479 
1480:    0 821 2445 468 1676 2961 1067 1480 
1481:    0 2539 2205 2566 1641 1481 
1482:    0 2714 2765 2905 2027 1482 
1483:    0 2714 1326 480 1483 
1484:    0 821 726 2231 2177 685 1484 
1485:    0 1954 2419 848 399 1485 
1486:    0 821 235 159 1148 1486 
1487:    0 821 1265 875 2395 1487 
1488:    0 2714 1326 2138 1488 
1489:    0 1954 257 1841 1489 
1490:    0 2714 112 2510 1490 
1491:    0 821 425 1987 1491 
1492:    0 821 1492 
1493:    0 2714 2062 2547 1493 
1494:    0 2605 185 439 1494 
1495:    0 821 235 450 1087 1495 
1496:    0 1954 257 2003 2497 1496 
1497:    0 821 1265 1675 1497 
1498:    0 821 1265 1578 618 1498 
1499:    0 2539 632 2408 1499 
1500:    0 2714 2245 1452 1610 1500 
1501:    0 1954 2167 1906 1501 
1502:    0 821 425 633 1502 
1503:    0 2220 1093 1503 
1504:    0 278 1434 1504 
1505:    0 1954 2419 524 1505 
1506:    0 821 235 159 1231 1506 
1507:    0 821 2445 2030 2807 1507 
1508:    0 821 235 159 1148 2422 1508 
1509:    0 2714 1887 2088 2196 1509 
1510:    0 420 2253 1510 
1511:    0 1954 2047 542 1511 
1512:    0 286 566 2189 1512 
1513:    0 821 2356 150 1513 
1514:    0 821 175 2866 1271 1514 
1515:    0 821 2445 2030 2965 1515 
1516:    0 821 2356 335 496 1516 
1517:    0 1954 257 1841 1517 
1518:    0 821 2445 1528 1518 
1519:    0 2605 2281 861 2834 1519 
1520:    0 821 175 1520 
1521:    0 1954 2053 489 1521 
1522:    0 821 425 2529 1522 
1523:    0 821 235 450 1290 1523 
1524:    0 821 425 31 1524 
1525:    0 2220 954 27 1046 1525 
1526:    0 2539 2205 91 2567 2108 1526 
1527:    0 1954 2419 848 810 953 201 1527 
1528:    0 821 2445 1528 
1529:    0 2714 1887 950 1529 
1530:    0 2605 2281 2818 348 1530 
1531:    0 1954 2419 848 2326 1562 1531 
1532:    0 821 425 2682 285 1532 
1533:    0 1954 257 1841 1517 1552 1533 
1534:    0 2539 2205 91 2153 1059 1534 
1535:    0 821 2356 819 704 393 1535 
1536:    0 286 469 1536 
1537:    0 2714 2245 1888 1537 
1538:    0 821 1265 1731 2667 1409 1538 
1539:    0 2714 1539 
1540:    0 915 1378 386 1540 
1541:    0 2714 1971 33 1541 
1542:    0 1954 257 2003 1542 
1543:    0 821 425 31 2502 897 1543 
1544:    0 1954 257 2003 1222 1544 
1545:    0 2605 1545 
1546:    0 821 425 31 2502 1260 1546 
1547:    0 821 425 749 1547 
1548:    0 821 175 2866 98 1548 
1549:    0 821 425 749 343 1549 
1550:    0 2220 954 526 1550 
1551:    0 821 1670 1761 1551 
1552:    0 1954 257 1841 1517 1552 
1553:    0 821 425 31 2502 1553 
1554:    0 821 2356 889 1554 
1555:    0 1954 2483 835 1555 
1556:    0 821 425 2981 1117 786 1556 
1557:    0 821 175 1520 1557 
1558:    0 1954 2053 2438 2736 1558 
1559:    0 2714 2296 1559 
1560:    0 2605 2281 861 2834 1560 
1561:    0 1954 2419 848 810 1655 1561 
1562:    0 1954 2419 848 2326 1562 
1563:    0 821 1265 1578 1620 1563 
1564:    0 821 175 2866 2853 1564 
1565:    0 278 1150 2557 1565 
1566:    0 2220 954 2614 2621 1364 1566 
1567:    0 821 425 31 1524 1567 
1568:    0 821 2445 2030 2965 1568 
1569:    0 821 425 749 1569 
1570:    0 821 175 827 1570 
1571:    0 821 726 2343 75 1571 
1572:    0 2714 1971 2877 347 1572 
1573:    0 2714 2245 1573 
1574:    0 821 1670 1761 1574 
1575:    0 821 726 2349 1114 1575 
1576:    0 2539 2205 2566 1115 1576 
1577:    0 2539 2205 91 2153 1059 1577 
1578:    0 821 1265 1578 
1579:    0 821 425 2981 1579 
1580:    0 2539 1880 37 1580 
1581:    0 2220 1430 106 1581 
1582:    0 821 235 2130 1582 
1583:    0 420 2250 1583 
1584:    0 821 175 2318 1584 
1585:    0 821 2356 819 781 1585 
1586:    0 1954 257 1841 1517 1586 
1587:    0 420 2253 2087 1587 
1588:    0 2714 2245 2703 1588 
1589:    0 420 2841 1589 
1590:    0 821 175 2318 2235 1590 
1591:    0 821 175 827 1591 
1592:    0 1954 257 1833 1592 
1593:    0 1954 257 1593 
1594:    0 2714 1971 595 1594 
1595:    0 2714 1971 2233 1595 
1596:    0 2714 1887 950 1596 
1597:    0 2220 1430 607 1597 
1598:    0 821 2445 252 1674 1705 1598 
1599:    0 2539 2205 2566 1599 
1600:    0 2714 1971 33 1600 
1601:    0 821 726 634 2922 1165 1601 
1602:    0 821 2445 2958 2987 1602 
1603:    0 821 425 2981 2930 1603 
1604:    0 821 2445 252 1674 1604 
1605:    0 821 1918 694 2203 1605 
1606:    0 2714 180 1606 
1607:    0 821 175 4 1607 
1608:    0 1954 2419 848 2326 2644 1608 
1609:    0 821 175 1778 1609 
1610:    0 2714 2245 1452 1610 
1611:    0 2605 2281 861 1611 
1612:    0 2714 112 1612 
1613:    0 2539 2205 91 1155 1613 
1614:    0 821 1670 193 1614 
1615:    0 2714 1971 2877 1201 1615 
1616:    0 2220 954 526 1550 1616 
1617:    0 286 660 1617 
1618:    0 1954 257 1841 1175 1030 1618 
1619:    0 1954 2053 1619 
1620:    0 821 1265 1578 1620 
1621:    0 821 2356 2119 2285 1621 
1622:    0 1954 2419 524 1622 
1623:    0 821 2445 2030 2965 1515 1457 1623 
1624:    0 286 566 1624 
1625:    0 278 1625 
1626:    0 286 566 1626 
1627:    0 2220 954 27 1627 
1628:    0 821 2356 889 753 1628 
1629:    0 821 1670 1050 1629 
1630:    0 821 2445 2030 1197 1948 1630 
1631:    0 821 726 817 1631 
1632:    0 821 1670 511 1632 
1633:    0 2714 1971 2877 1201 1615 1633 
1634:    0 1954 257 2003 1222 1634 
1635:    0 821 726 2231 1691 1635 
1636:    0 821 726 634 1097 1636 
1637:    0 2220 1637 
1638:    0 821 175 1638 
1639:    0 821 2356 1005 1639 
1640:    0 821 425 2981 2742 1640 
1641:    0 2539 2205 2566 1641 
1642:    0 821 425 749 1569 1642 
1643:    0 2714 2765 2946 1643 
1644:    0 1954 2419 848 810 1644 
1645:    0 821 2356 819 781 1645 
1646:    0 420 2250 1646 
1647:    0 2714 180 1647 
1648:    0 2605 2281 861 1648 
1649:    0 821 1918 761 1649 
1650:    0 821 425 1987 2148 1650 
1651:    0 821 1670 1761 1551 1651 
1652:    0 821 425 1987 1191 2518 1652 
1653:    0 821 726 2231 2177 1054 1653 
1654:    0 2220 954 1807 1654 
1655:    0 1954 2419 848 810 1655 
1656:    0 278 1150 2394 1656 
1657:    0 821 1918 2973 1657 
1658:    0 2539 2205 91 2567 1658 
1659:    0 2605 2281 2143 437 411 1659 
1660:    0 2605 2281 2143 1889 1660 
1661:    0 821 2445 252 1674 229 1661 
1662:    0 821 2445 2958 2987 1602 1662 
1663:    0 821 2356 2119 275 1663 
1664:    0 2539 2205 2566 1641 601 1664 
1665:    0 821 726 2057 2763 1665 
1666:    0 1954 2419 848 810 953 1666 
1667:    0 2539 2205 91 682 1667 
1668:    0 821 1918 2973 1668 
1669:    0 1954 257 1750 324 1669 
1670:    0 821 1670 
1671:    0 2539 2205 2566 1671 
1672:    0 821 1670 1761 1551 1672 
1673:    0 2714 2765 1052 1673 
1674:    0 821 2445 252 1674 
1675:    0 821 1265 1675 
1676:    0 821 2445 468 1676 
1677:    0 2539 2924 2213 1677 
1678:    0 1954 2419 848 122 755 1678 
1679:    0 821 2445 2958 1832 1679 
1680:    0 1954 2419 848 399 985 1680 
1681:    0 2714 2245 1573 1681 
1682:    0 821 2445 802 1891 615 1682 
1683:    0 1954 2483 1683 
1684:    0 2714 2245 1452 1684 
1685:    0 2220 2920 1685 
1686:    0 821 2356 1476 2358 1686 
1687:    0 821 2445 571 2171 1687 
1688:    0 821 726 634 2952 1688 
1689:    0 2539 2060 717 969 1689 
1690:    0 821 425 2139 86 1690 
1691:    0 821 726 2231 1691 
1692:    0 2605 2281 861 570 1692 
1693:    0 821 726 2343 75 1693 
1694:    0 1954 2047 1694 
1695:    0 286 1695 
1696:    0 2320 1696 
1697:    0 1954 2419 848 122 1697 
1698:    0 1954 257 1593 1241 1765 1698 
1699:    0 821 2445 2030 1197 1948 1031 1699 
1700:    0 821 726 2231 965 1700 
1701:    0 821 2445 2958 1701 
1702:    0 1954 2053 2438 1702 
1703:    0 821 726 2910 1703 
1704:    0 2220 512 2892 1704 
1705:    0 821 2445 252 1674 1705 
1706:    0 2714 2245 2703 1588 1706 
1707:    0 1954 2053 2438 1707 
1708:    0 2714 1708 
1709:    0 821 425 749 1709 
1710:    0 821 425 31 1524 1710 
1711:    0 2714 2765 2905 2347 1711 
1712:    0 420 2250 1712 
1713:    0 2714 1971 595 796 1713 
1714:    0 2539 2060 717 1714 
1715:    0 821 425 31 2502 268 1715 
1716:    0 821 726 634 1223 644 1716 
1717:    0 2714 2765 261 1717 
1718:    0 1954 2419 524 1718 
1719:    0 2714 1887 956 1417 1719 
1720:    0 2714 1887 950 2166 1720 
1721:    0 2605 1545 2918 1721 
1722:    0 821 1346 2491 1722 
1723:    0 821 726 2231 1691 1723 
1724:    0 821 2445 468 2759 1724 
1725:    0 821 2445 468 1676 1725 
1726:    0 821 425 1987 1726 
1727:    0 821 2445 468 890 620 2210 1727 
1728:    0 1954 2167 1906 438 1728 
1729:    0 2220 1430 1729 
1730:    0 821 1265 1731 1730 
1731:    0 821 1265 1731 
1732:    0 821 726 2910 1732 
1733:    0 420 2841 1589 1733 
1734:    0 821 235 159 1148 2490 1734 
1735:    0 2605 2281 2143 1011 1735 
1736:    0 1954 2047 1736 
1737:    0 1954 2419 848 2326 1737 
1738:    0 821 2445 252 2898 1738 
1739:    0 821 1918 694 2778 1739 
1740:    0 2714 2277 1740 
1741:    0 821 1265 1578 1620 1563 1741 
1742:    0 821 425 31 1524 1250 1742 
1743:    0 2605 2281 2143 437 1743 
1744:    0 821 425 2008 1744 
1745:    0 2605 2281 861 2834 1745 
1746:    0 821 726 2349 1746 
1747:    0 286 1695 1747 
1748:    0 821 726 2349 1963 1748 
1749:    0 2714 112 1749 
1750:    0 1954 257 1750 
1751:    0 2539 2205 91 2846 310 1751 
1752:    0 821 2445 2030 1197 1948 1031 1752 
1753:    0 1954 257 1841 1753 
1754:    0 821 1265 1321 1975 1754 
1755:    0 821 175 2866 1271 1755 
1756:    0 821 175 2866 1271 1756 
1757:    0 821 726 2343 1988 1757 
1758:    0 2539 2205 2566 1641 321 1758 
1759:    0 821 2356 492 1759 
1760:    0 286 1695 2586 880 976 1760 
1761:    0 821 1670 1761 
1762:    0 821 1670 900 1762 
1763:    0 2539 2205 342 1333 1838 923 1763 
1764:    0 286 1695 2225 2929 1764 
1765:    0 1954 257 1593 1241 1765 
1766:    0 821 425 2139 86 1766 
1767:    0 1954 161 1767 
1768:    0 821 2445 1528 1768 
1769:    0 821 2445 468 1676 1769 
1770:    0 821 235 159 1231 1770 
1771:    0 2714 1326 553 911 1771 
1772:    0 286 1695 2590 1772 
1773:    0 821 2445 2030 1197 338 1773 
1774:    0 821 726 2057 2164 1774 
1775:    0 2714 2765 1775 
1776:    0 1954 2053 489 2302 2014 1776 
1777:    0 821 175 2191 1777 
1778:    0 821 175 1778 
1779:    0 2220 995 1779 
1780:    0 1163 747 1780 
1781:    0 821 1918 2973 1781 
1782:    0 821 2356 819 1782 
1783:    0 821 2356 819 1783 
1784:    0 915 960 380 1784 
1785:    0 821 726 2231 587 336 1785 
1786:    0 821 235 422 1001 1786 
1787:    0 915 2635 1828 1787 
1788:    0 821 2356 819 781 327 1788 
1789:    0 2539 2924 213 125 1789 
1790:    0 1954 257 1835 1177 1790 
1791:    0 821 1265 109 2966 1791 
1792:    0 821 2356 819 781 2193 415 1792 
1793:    0 2714 2765 1342 1793 
1794:    0 821 425 1987 1726 1794 
1795:    0 821 726 2231 587 1795 
1796:    0 821 425 2682 285 355 1796 
1797:    0 915 1797 
1798:    0 821 2356 819 2412 758 1798 
1799:    0 2539 2924 1799 
1800:    0 1954 257 1441 1800 
1801:    0 2714 2300 1801 
1802:    0 821 1265 1675 1802 
1803:    0 2714 1326 378 1803 
1804:    0 821 2356 819 2412 1804 
1805:    0 821 2445 2958 1339 1805 
1806:    0 2539 1880 1806 
1807:    0 2220 954 1807 
1808:    0 2714 1971 2877 370 1808 
1809:    0 2539 2205 2566 1115 197 1809 
1810:    0 2714 1326 480 1379 1810 
1811:    0 821 2445 2030 1197 1811 
1812:    0 821 425 31 1524 2696 1812 
1813:    0 821 425 1987 227 1813 
1814:    0 821 726 2455 1814 
1815:    0 821 425 31 491 1815 
1816:    0 821 2445 468 2507 279 1816 
1817:    0 821 2445 802 2059 1909 1817 
1818:    0 420 1818 
1819:    0 286 1695 2586 2926 1819 
1820:    0 821 2445 571 1820 
1821:    0 915 960 730 1821 
1822:    0 821 2445 252 1822 
1823:    0 821 2445 468 1676 1823 
1824:    0 2714 2245 2600 1824 
1825:    0 1954 257 1593 1241 1825 
1826:    0 1954 2053 489 1183 1826 
1827:    0 821 1918 2973 1827 
1828:    0 915 2635 1828 
1829:    0 2539 1880 1829 
1830:    0 821 425 2682 486 1830 
1831:    0 2539 2205 223 1831 
1832:    0 821 2445 2958 1832 
1833:    0 1954 257 1833 
1834:    0 821 2356 819 781 2193 1834 
1835:    0 1954 257 1835 
1836:    0 1954 257 1841 1517 2037 1836 
1837:    0 2605 2281 1837 
1838:    0 2539 2205 342 1333 1838 
1839:    0 821 1670 2870 1839 
1840:    0 821 2445 2030 1197 1811 1840 
1841:    0 1954 257 1841 
1842:    0 821 1265 1321 1842 
1843:    0 2539 2924 213 1843 
1844:    0 1954 257 1841 1753 1844 
1845:    0 2714 1845 
1846:    0 286 1695 2586 880 1846 
1847:    0 821 2445 2030 1055 1847 
1848:    0 2220 1848 
1849:    0 2220 954 27 1046 1849 
1850:    0 2605 2281 861 2834 1850 
1851:    0 821 175 515 1851 
1852:    0 2714 2765 2905 2347 1711 1852 
1853:    0 2714 2300 1853 
1854:    0 420 2841 1589 1854 
1855:    0 1954 2419 1855 
1856:    0 821 175 2318 1856 
1857:    0 2320 2509 1857 
1858:    0 821 726 2057 1858 
1859:    0 2539 2205 2566 1859 
1860:    0 821 2356 2119 1860 
1861:    0 1954 2419 848 122 1861 
1862:    0 2320 2448 1862 
1863:    0 1954 257 1593 2774 1863 
1864:    0 2714 2765 261 397 1864 
1865:    0 821 1670 1865 
1866:    0 821 2445 252 1674 1416 1866 
1867:    0 1954 257 1441 523 1867 
1868:    0 821 2643 200 1868 
1869:    0 821 2356 335 496 1269 1869 
1870:    0 1954 161 1870 
1871:    0 821 726 634 675 1871 
1872:    0 821 1265 1675 1872 
1873:    0 821 726 1873 
1874:    0 1954 257 1593 1241 1874 
1875:    0 2539 2205 223 1875 
1876:    0 821 1670 1050 1629 1876 
1877:    0 821 2445 2030 1877 
1878:    0 821 2445 252 2898 1878 
1879:    0 821 726 2231 1879 
1880:    0 2539 1880 
1881:    0 2539 2205 91 2846 1881 
1882:    0 2714 2296 1559 1882 
1883:    0 821 726 2343 2125 1883 
1884:    0 286 566 806 1884 
1885:    0 821 175 2866 2853 1564 1885 
1886:    0 821 726 2343 2125 1886 
1887:    0 2714 1887 
1888:    0 2714 2245 1888 
1889:    0 2605 2281 2143 1889 
1890:    0 821 1265 1731 2667 1890 
1891:    0 821 2445 802 1891 
1892:    0 821 726 681 1892 
1893:    0 2605 673 979 1893 
1894:    0 278 1150 2394 1894 
1895:    0 1954 2419 848 2821 1895 
1896:    0 1954 2419 848 1467 1896 
1897:    0 821 2445 571 2171 536 1897 
1898:    0 821 1265 1578 1392 107 1898 
1899:    0 2605 673 1899 
1900:    0 821 726 2057 1900 
1901:    0 821 2445 252 1901 
1902:    0 1954 2419 1355 1902 
1903:    0 1954 2419 848 2326 1903 
1904:    0 1954 2053 1904 
1905:    0 2539 2205 1905 
1906:    0 1954 2167 1906 
1907:    0 821 2445 802 1142 2145 1907 
1908:    0 1954 257 1841 1517 10 1908 
1909:    0 821 2445 802 2059 1909 
1910:    0 2714 2300 507 1910 
1911:    0 821 425 749 2830 1911 
1912:    0 821 1670 900 1912 
1913:    0 821 2445 1420 1913 
1914:    0 1954 2419 848 2821 1914 
1915:    0 286 1695 2005 1915 
1916:    0 1954 2419 848 1916 
1917:    0 821 1265 1321 1975 1917 
1918:    0 821 1918 
1919:    0 278 20 1919 
1920:    0 1920 
1921:    0 821 2445 252 1822 89 1921 
1922:    0 1954 161 2107 1922 
1923:    0 2714 1971 595 2747 1923 
1924:    0 2714 2765 922 626 1924 
1925:    0 821 1265 109 1925 
1926:    0 821 1670 900 387 1926 
1927:    0 821 2356 335 1092 1927 
1928:    0 1954 2419 1928 
1929:    0 2605 532 1443 1929 
1930:    0 2539 2205 2566 2985 1930 
1931:    0 2605 2281 861 1931 
1932:    0 286 1695 2590 1932 
1933:    0 286 2031 1933 
1934:    0 821 2445 252 1822 384 1934 
1935:    0 821 2445 468 2507 1935 
1936:    0 821 2445 2958 1339 1936 
1937:    0 2605 1545 2918 1937 
1938:    0 821 2356 819 1938 
1939:    0 2539 2924 1939 
1940:    0 1954 2419 848 2326 1940 
1941:    0 821 2445 468 1676 1941 
1942:    0 420 2841 2366 1942 
1943:    0 821 425 2810 105 1943 
1944:    0 821 726 2349 431 606 1944 
1945:    0 821 235 159 1945 
1946:    0 286 1965 1946 
1947:    0 821 726 2349 1963 997 402 1947 
1948:    0 821 2445 2030 1197 1948 
1949:    0 1954 2419 1949 
1950:    0 278 1150 2394 1950 
1951:    0 821 726 2231 2177 2314 1951 
1952:    0 821 1918 2973 1781 1952 
1953:    0 286 1965 2916 1953 
1954:    0 1954 
1955:    0 821 726 634 2288 1955 
1956:    0 821 726 2231 2177 1956 
1957:    0 821 1918 694 2203 1957 
1958:    0 821 1265 1958 
1959:    0 821 2356 819 2412 686 1959 
1960:    0 2605 2281 1069 1960 
1961:    0 286 2031 1961 
1962:    0 2539 2060 1962 
1963:    0 821 726 2349 1963 
1964:    0 2714 2765 2325 1964 
1965:    0 286 1965 
1966:    0 1954 2053 1904 1966 
1967:    0 821 1265 1970 1967 
1968:    0 821 1918 761 1649 1968 
1969:    0 1954 2167 1906 1969 
1970:    0 821 1265 1970 
1971:    0 2714 1971 
1972:    0 2605 673 1972 
1973:    0 2539 2205 2566 559 1973 
1974:    0 2714 2245 2844 182 1974 
1975:    0 821 1265 1321 1975 
1976:    0 2605 673 52 1976 
1977:    0 821 726 634 784 2115 1977 
1978:    0 1954 257 1593 1978 
1979:    0 286 1695 2225 1979 
1980:    0 2605 532 1980 
1981:    0 2539 2205 2566 1115 1576 2713 1981 
1982:    0 420 2250 1583 1982 
1983:    0 1954 257 1835 1983 
1984:    0 821 2445 468 890 1984 
1985:    0 2605 596 1985 
1986:    0 2714 180 1986 
1987:    0 821 425 1987 
1988:    0 821 726 2343 1988 
1989:    0 286 2734 951 734 1989 
1990:    0 821 425 2981 1117 1990 
1991:    0 2714 1326 378 1991 
1992:    0 420 2250 1992 
1993:    0 2220 1093 1503 1993 
1994:    0 2320 1696 72 1994 
1995:    0 1163 747 1995 
1996:    0 2714 1971 2877 766 1996 
1997:    0 2605 2281 861 2834 1997 
1998:    0 821 175 1998 
1999:    0 2714 1971 2877 1999 
2000:    0 2539 2205 91 2000 
2001:    0 821 1265 1675 361 2001 
2002:    0 2714 2245 2705 2002 
2003:    0 1954 257 2003 
2004:    0 2714 1971 595 2747 2004 
2005:    0 286 1695 2005 
2006:    0 821 726 2910 1732 2006 
2007:    0 1954 2047 2007 
2008:    0 821 425 2008 
2009:    0 821 2445 2030 1197 2009 
2010:    0 821 2356 492 2280 331 2010 
2011:    0 286 1695 2586 880 2011 
2012:    0 2220 2012 
2013:    0 821 1670 1761 1551 2013 
2014:    0 1954 2053 489 2302 2014 
2015:    0 915 1043 2520 2015 
2016:    0 278 245 2016 
2017:    0 821 425 1987 227 2017 
2018:    0 286 1695 2018 
2019:    0 821 2445 2030 1055 2339 2019 
2020:    0 1954 257 1441 523 2020 
2021:    0 2539 2205 2566 2126 143 2021 
2022:    0 2220 1848 2022 
2023:    0 1954 257 1750 652 2023 
2024:    0 2714 1971 595 2503 2024 
2025:    0 821 726 2025 
2026:    0 821 235 159 2523 2 2026 
2027:    0 2714 2765 2905 2027 
2028:    0 821 1265 240 2028 
2029:    0 915 1378 2029 
2030:    0 821 2445 2030 
2031:    0 286 2031 
2032:    0 2714 1971 595 2032 
2033:    0 821 1265 1321 2033 
2034:    0 821 726 2349 2249 2034 
2035:    0 821 726 661 2035 
2036:    0 821 425 2981 1061 2036 
2037:    0 1954 257 1841 1517 2037 
2038:    0 821 425 2981 1061 2038 
2039:    0 821 425 2682 2039 
2040:    0 2714 2245 2040 
2041:    0 821 425 31 2041 
2042:    0 278 20 2042 
2043:    0 2539 2205 1905 2043 
2044:    0 821 726 2349 2044 
2045:    0 1954 257 2045 
2046:    0 2714 1887 2088 2196 2046 
2047:    0 1954 2047 
2048:    0 821 2445 468 1676 332 2048 
2049:    0 1954 2419 848 674 2049 
2050:    0 821 726 2349 1963 2050 
2051:    0 821 175 1520 2051 
2052:    0 821 2643 2052 
2053:    0 1954 2053 
2054:    0 821 2356 819 704 393 2054 
2055:    0 821 726 2057 2118 2055 
2056:    0 821 1918 694 2056 
2057:    0 821 726 2057 
2058:    0 915 2184 2058 
2059:    0 821 2445 802 2059 
2060:    0 2539 2060 
2061:    0 2539 2205 91 2567 187 2061 
2062:    0 2714 2062 
2063:    0 821 726 634 675 2468 2063 
2064:    0 821 726 634 675 1871 2064 
2065:    0 2605 2281 1008 156 2065 
2066:    0 2220 995 2066 
2067:    0 2220 954 1807 2067 
2068:    0 2714 2765 2068 
2069:    0 1954 2419 1949 2069 
2070:    0 1954 2167 2070 
2071:    0 821 1918 2071 
2072:    0 821 726 634 2922 2072 
2073:    0 286 2073 
2074:    0 2714 2765 261 2074 
2075:    0 2320 2075 
2076:    0 821 175 827 2076 
2077:    0 821 726 2231 2177 2077 
2078:    0 821 1265 1970 2078 
2079:    0 915 2184 2079 
2080:    0 915 2080 
2081:    0 1163 2081 
2082:    0 821 2356 819 704 544 2082 
2083:    0 2605 2281 2143 612 2083 
2084:    0 2714 1845 1388 2084 
2085:    0 2220 995 1779 2085 
2086:    0 821 425 1987 580 2086 
2087:    0 420 2253 2087 
2088:    0 2714 1887 2088 
2089:    0 821 425 2981 1117 1242 2089 
2090:    0 821 175 2866 1271 2090 
2091:    0 2714 2296 2091 
2092:    0 1954 2419 848 2326 2092 
2093:    0 2714 2296 2093 
2094:    0 1954 257 1593 1241 2094 
2095:    0 821 175 2318 2983 2095 
2096:    0 2539 1880 37 1580 2096 
2097:    0 2097 
2098:    0 1954 257 1841 1517 1462 2202 2098 
2099:    0 1954 2053 489 2099 
2100:    0 915 1378 625 69 2100 
2101:    0 2714 2245 1573 375 2101 
2102:    0 821 1265 1321 2102 
2103:    0 2320 1320 2103 
2104:    0 286 2073 2104 
2105:    0 821 175 2105 
2106:    0 1954 257 1593 2774 2106 
2107:    0 1954 161 2107 
2108:    0 2539 2205 91 2567 2108 
2109:    0 286 469 1536 2109 
2110:    0 2605 532 1443 2110 
2111:    0 821 726 2231 587 336 1785 2111 
2112:    0 2320 1696 72 2112 
2113:    0 821 1265 945 2113 
2114:    0 2714 2062 2547 2114 
2115:    0 821 726 634 784 2115 
2116:    0 2605 532 2116 
2117:    0 2539 2205 2566 1641 2117 
2118:    0 821 726 2057 2118 
2119:    0 821 2356 2119 
2120:    0 821 726 634 1097 2120 
2121:    0 2605 1545 2121 
2122:    0 1954 2419 848 2821 2122 
2123:    0 821 2356 2123 
2124:    0 821 2445 2958 1832 2124 
2125:    0 821 726 2343 2125 
2126:    0 2539 2205 2566 2126 
2127:    0 821 2356 819 704 395 305 2127 
2128:    0 1954 2419 848 674 2128 
2129:    0 1954 2419 1949 2129 
2130:    0 821 235 2130 
2131:    0 286 1965 600 2131 
2132:    0 2714 2765 2905 2175 2132 
2133:    0 2714 2062 2547 2114 2133 
2134:    0 821 425 2682 528 2134 
2135:    0 821 726 2349 1963 997 2135 
2136:    0 2714 2136 
2137:    0 2220 1093 71 2137 
2138:    0 2714 1326 2138 
2139:    0 821 425 2139 
2140:    0 821 425 2682 486 2140 
2141:    0 1954 2167 2141 
2142:    0 2220 2426 554 2142 
2143:    0 2605 2281 2143 
2144:    0 821 2356 819 704 550 2144 
2145:    0 821 2445 802 1142 2145 
2146:    0 420 2841 2780 2146 
2147:    0 821 2356 492 2147 
2148:    0 821 425 1987 2148 
2149:    0 821 1265 109 301 2149 
2150:    0 2220 954 526 2150 
2151:    0 821 2445 571 2171 536 2151 
2152:    0 1954 257 1833 2152 
2153:    0 2539 2205 91 2153 
2154:    0 1954 257 2154 
2155:    0 1954 257 1841 304 2155 
2156:    0 1954 257 1593 1241 2578 2156 
2157:    0 821 726 2231 587 336 2157 
2158:    0 821 2356 426 2243 48 2158 
2159:    0 2539 2205 342 2159 
2160:    0 1954 2419 2160 
2161:    0 2220 557 414 2161 
2162:    0 821 425 749 2162 
2163:    0 821 726 661 2035 2163 
2164:    0 821 726 2057 2164 
2165:    0 2605 2281 552 2165 
2166:    0 2714 1887 950 2166 
2167:    0 1954 2167 
2168:    0 821 2356 1476 2168 
2169:    0 821 726 2349 1963 1748 2169 
2170:    0 821 1265 531 2170 
2171:    0 821 2445 571 2171 
2172:    0 2220 954 2614 2172 
2173:    0 2714 1887 956 1417 2173 
2174:    0 821 726 2057 2174 
2175:    0 2714 2765 2905 2175 
2176:    0 821 726 2176 
2177:    0 821 726 2231 2177 
2178:    0 2539 2205 2566 2178 
2179:    0 821 2445 468 1676 2961 1067 2179 
2180:    0 2714 2296 1456 2180 
2181:    0 821 2643 831 2181 
2182:    0 286 469 303 2182 
2183:    0 821 2445 802 61 2183 
2184:    0 915 2184 
2185:    0 821 175 2866 1271 2185 
2186:    0 2605 2281 861 1611 2186 
2187:    0 821 726 2343 1988 2187 
2188:    0 2539 2205 2566 842 2188 
2189:    0 286 566 2189 
2190:    0 821 2356 2119 1860 2190 
2191:    0 821 175 2191 
2192:    0 821 2445 468 1676 1823 2192 
2193:    0 821 2356 819 781 2193 
2194:    0 821 1265 875 2395 1487 2194 
2195:    0 2539 2205 91 2846 310 2195 
2196:    0 2714 1887 2088 2196 
2197:    0 821 1346 719 2197 
2198:    0 1954 561 2198 
2199:    0 2714 1326 553 2199 
2200:    0 2714 1326 553 2200 
2201:    0 821 2445 2030 2968 2201 
2202:    0 1954 257 1841 1517 1462 2202 
2203:    0 821 1918 694 2203 
2204:    0 821 726 2349 1963 2204 
2205:    0 2539 2205 
2206:    0 821 2356 819 704 544 2206 
2207:    0 821 726 2910 1732 2207 
2208:    0 1954 257 1835 1131 2208 
2209:    0 821 2356 2119 2209 
2210:    0 821 2445 468 890 620 2210 
2211:    0 821 425 2981 2211 
2212:    0 821 1265 109 1925 2212 
2213:    0 2539 2924 2213 
2214:    0 821 175 2866 2214 
2215:    0 2714 2765 2068 2215 
2216:    0 2605 2281 861 1248 2216 
2217:    0 1163 714 2217 
2218:    0 821 2356 819 781 1585 464 2218 
2219:    0 2539 2205 91 1155 584 2596 2219 
2220:    0 2220 
2221:    0 2605 2281 1069 2221 
2222:    0 821 2445 252 2222 
2223:    0 821 1265 945 2113 2223 
2224:    0 821 2356 819 2412 885 2224 
2225:    0 286 1695 2225 
2226:    0 2539 2060 2665 2226 
2227:    0 821 2445 2030 1197 1811 2227 
2228:    0 1954 257 1841 2228 
2229:    0 821 1265 945 2229 
2230:    0 821 2643 2678 2230 
2231:    0 821 726 2231 
2232:    0 2220 954 2232 
2233:    0 2714 1971 2233 
2234:    0 821 2445 252 1822 1268 2234 
2235:    0 821 175 2318 2235 
2236:    0 420 2253 1510 1028 2236 
2237:    0 821 2445 1528 2237 
2238:    0 420 1818 1446 2238 
2239:    0 821 2445 2030 1055 2339 2239 
2240:    0 2539 2205 2566 2126 2240 
2241:    0 2714 2765 261 2074 2241 
2242:    0 2714 2765 2325 2242 
2243:    0 821 2356 426 2243 
2244:    0 821 2445 468 1676 859 2244 
2245:    0 2714 2245 
2246:    0 821 726 2231 587 2246 
2247:    0 1954 2167 2247 
2248:    0 286 469 2248 
2249:    0 821 726 2349 2249 
2250:    0 420 2250 
2251:    0 2220 954 2614 2621 2251 
2252:    0 2714 1971 595 2252 
2253:    0 420 2253 
2254:    0 2605 532 2254 
2255:    0 2714 2245 1452 2255 
2256:    0 2714 2062 2332 2256 
2257:    0 821 2445 468 2507 495 2257 
2258:    0 821 2356 2119 275 2447 2258 
2259:    0 821 425 31 2502 1553 2259 
2260:    0 915 960 730 2260 
2261:    0 821 1265 1731 2261 
2262:    0 2320 1320 2262 
2263:    0 1954 2419 848 428 2263 
2264:    0 420 2264 
2265:    0 2714 2245 2265 
2266:    0 2220 512 892 2266 
2267:    0 821 1265 1321 2267 
2268:    0 821 1265 937 1116 2268 
2269:    0 1954 2053 2269 
2270:    0 1954 161 2270 
2271:    0 2714 1887 956 2271 
2272:    0 2539 2205 91 2567 2272 
2273:    0 821 2445 2958 1339 1936 2273 
2274:    0 821 1265 945 2113 2274 
2275:    0 821 1265 945 2275 
2276:    0 821 1265 1321 2276 
2277:    0 2714 2277 
2278:    0 1954 2419 848 2821 2278 
2279:    0 821 2356 2119 275 2279 
2280:    0 821 2356 492 2280 
2281:    0 2605 2281 
2282:    0 1954 2053 350 2282 
2283:    0 915 2283 
2284:    0 821 726 2349 1963 2284 
2285:    0 821 2356 2119 2285 
2286:    0 2714 2245 1452 2286 
2287:    0 2539 2205 2566 2985 2287 
2288:    0 821 726 634 2288 
2289:    0 2539 2205 91 2957 973 2434 2289 
2290:    0 821 726 2455 1122 334 2290 
2291:    0 821 2356 819 1938 2291 
2292:    0 1954 2419 848 674 2128 2292 
2293:    0 821 726 2231 965 2293 
2294:    0 821 1670 511 2294 
2295:    0 2605 2281 1008 156 2295 
2296:    0 2714 2296 
2297:    0 1954 2053 2438 1707 2297 
2298:    0 2714 2062 1361 2298 
2299:    0 2539 2205 2566 2985 958 2299 
2300:    0 2714 2300 
2301:    0 821 2445 2958 2987 2301 
2302:    0 1954 2053 489 2302 
2303:    0 1954 257 1841 1175 2303 
2304:    0 821 726 2343 75 2304 
2305:    0 821 726 2910 2305 
2306:    0 821 2445 2030 2965 2856 2306 
2307:    0 2714 2245 1573 2307 
2308:    0 1954 2047 1736 2308 
2309:    0 2539 632 2309 
2310:    0 2605 673 52 2310 
2311:    0 2714 2765 328 253 2311 
2312:    0 2714 2245 2312 
2313:    0 2539 2205 91 2153 2313 
2314:    0 821 726 2231 2177 2314 
2315:    0 2714 112 2315 
2316:    0 2220 954 1807 2316 
2317:    0 821 425 2008 630 2317 
2318:    0 821 175 2318 
2319:    0 2220 995 2319 
2320:    0 2320 
2321:    0 1954 2419 848 2326 1562 2321 
2322:    0 821 726 2057 258 2322 
2323:    0 2320 2509 2719 2323 
2324:    0 821 1265 937 2324 
2325:    0 2714 2765 2325 
2326:    0 1954 2419 848 2326 
2327:    0 821 726 2057 258 2327 
2328:    0 2220 512 892 903 2328 
2329:    0 821 425 2682 129 2329 
2330:    0 1954 2419 848 2821 2330 
2331:    0 821 1918 761 2331 
2332:    0 2714 2062 2332 
2333:    0 1954 2053 489 2543 2333 
2334:    0 821 2445 252 1822 89 2334 
2335:    0 821 726 2057 2164 2335 
2336:    0 821 2356 426 2243 48 2336 
2337:    0 1954 2419 848 674 2337 
2338:    0 2539 2205 342 1333 2338 
2339:    0 821 2445 2030 1055 2339 
2340:    0 1954 2053 489 1357 2340 
2341:    0 821 425 2810 2341 
2342:    0 821 2445 252 1674 1705 2342 
2343:    0 821 726 2343 
2344:    0 821 425 2682 486 2344 
2345:    0 821 2356 819 781 1585 2345 
2346:    0 2220 954 1807 2316 2346 
2347:    0 2714 2765 2905 2347 
2348:    0 821 425 1987 1191 1196 2348 
2349:    0 821 726 2349 
2350:    0 821 2356 426 2243 2350 
2351:    0 2539 2205 342 1333 1329 843 2351 
2352:    0 821 1265 1675 361 2352 
2353:    0 2605 532 2353 
2354:    0 2539 2205 2354 
2355:    0 915 960 2355 
2356:    0 821 2356 
2357:    0 420 2250 2804 2357 
2358:    0 821 2356 1476 2358 
2359:    0 1954 2419 848 389 2359 
2360:    0 821 2445 2030 1055 2506 2360 
2361:    0 821 2445 1528 2704 2361 
2362:    0 2605 2281 861 570 2362 
2363:    0 821 2445 2030 1197 2363 
2364:    0 821 726 2231 2177 2364 
2365:    0 2714 2300 2365 
2366:    0 420 2841 2366 
2367:    0 821 726 2349 2249 2367 
2368:    0 1954 257 111 2368 
2369:    0 821 2445 468 2507 279 2369 
2370:    0 2714 1971 33 931 2370 
2371:    0 915 1378 2371 
2372:    0 2220 1093 2372 
2373:    0 821 2356 889 2373 
2374:    0 821 2356 2119 1860 2374 
2375:    0 286 566 2375 
2376:    0 1954 2419 848 428 145 2376 
2377:    0 2714 2245 2705 2377 
2378:    0 821 2445 2958 1339 2378 
2379:    0 821 425 2981 2379 
2380:    0 821 1265 1731 2380 
2381:    0 2220 954 526 2381 
2382:    0 821 726 2343 75 2382 
2383:    0 2220 512 2383 
2384:    0 2714 2277 2384 
2385:    0 821 726 2349 1963 2284 2385 
2386:    0 278 2386 
2387:    0 2320 2509 2719 2387 
2388:    0 420 2841 2366 2388 
2389:    0 2714 2296 2389 
2390:    0 2605 2281 861 274 2390 
2391:    0 2320 2448 2391 
2392:    0 2320 740 2392 
2393:    0 1954 257 1841 1517 822 2393 
2394:    0 278 1150 2394 
2395:    0 821 1265 875 2395 
2396:    0 821 2356 2396 
2397:    0 2220 1430 2397 
2398:    0 2320 2448 153 2398 
2399:    0 2714 1326 553 2630 2399 
2400:    0 821 726 2057 2763 610 2400 
2401:    0 821 1265 875 2401 
2402:    0 821 235 450 2402 
2403:    0 2714 1887 956 453 2403 
2404:    0 1954 2419 848 2326 2404 
2405:    0 821 726 2231 2177 2405 
2406:    0 821 726 634 2922 2406 
2407:    0 821 1265 1578 2668 2407 
2408:    0 2539 632 2408 
2409:    0 2605 532 2353 2409 
2410:    0 2605 329 2410 
2411:    0 821 2356 819 781 2411 
2412:    0 821 2356 819 2412 
2413:    0 821 2445 2030 2413 
2414:    0 821 2445 2030 2968 1060 2414 
2415:    0 420 2250 2415 
2416:    0 2714 2765 261 790 2416 
2417:    0 1954 257 1835 2417 
2418:    0 2714 112 735 2418 
2419:    0 1954 2419 
2420:    0 2714 2765 1052 1673 2420 
2421:    0 821 1670 2421 
2422:    0 821 235 159 1148 2422 
2423:    0 2714 2245 1888 1537 574 2423 
2424:    0 821 235 159 2424 
2425:    0 821 1918 2973 1668 2425 
2426:    0 2220 2426 
2427:    0 2220 1848 2427 
2428:    0 2714 2765 1052 1673 2428 
2429:    0 1954 2419 848 2326 2429 
2430:    0 2714 2430 
2431:    0 1954 2419 848 2326 1562 2431 
2432:    0 2714 1887 2432 
2433:    0 1920 2433 
2434:    0 2539 2205 91 2957 973 2434 
2435:    0 821 425 31 2435 
2436:    0 286 1695 2586 2608 2436 
2437:    0 1954 2419 848 399 2494 2437 
2438:    0 1954 2053 2438 
2439:    0 1954 257 1841 1517 2827 2439 
2440:    0 1954 257 1841 2440 
2441:    0 2714 1326 378 1991 2441 
2442:    0 915 2442 
2443:    0 420 2841 2443 
2444:    0 821 2445 2958 2575 2444 
2445:    0 821 2445 
2446:    0 1954 2419 1949 2446 
2447:    0 821 2356 2119 275 2447 
2448:    0 2320 2448 
2449:    0 2220 2426 554 2449 
2450:    0 821 726 2057 258 824 2450 
2451:    0 420 339 113 2451 
2452:    0 821 425 2529 55 2452 
2453:    0 286 1965 2453 
2454:    0 821 2356 819 704 395 2454 
2455:    0 821 726 2455 
2456:    0 821 726 2231 2177 1054 2456 
2457:    0 2714 2765 2457 
2458:    0 821 425 2529 55 2458 
2459:    0 821 2445 252 1674 1705 2459 
2460:    0 2714 1887 950 2460 
2461:    0 821 726 2231 2177 1054 2461 
2462:    0 1954 257 1750 2462 
2463:    0 420 339 280 2463 
2464:    0 821 425 2810 2464 
2465:    0 821 2445 2030 1055 1471 2465 
2466:    0 821 425 1987 580 2466 
2467:    0 286 1695 2467 
2468:    0 821 726 634 675 2468 
2469:    0 2714 2765 2325 2469 
2470:    0 821 726 2231 1145 2470 
2471:    0 821 726 2910 1703 2471 
2472:    0 821 1918 761 1649 2472 
2473:    0 821 1918 2973 1781 2473 
2474:    0 2605 2281 552 2474 
2475:    0 821 425 2981 2742 2475 
2476:    0 821 175 2866 2476 
2477:    0 2220 512 892 2477 
2478:    0 2714 2765 2905 2478 
2479:    0 2320 2448 153 2479 
2480:    0 1954 2419 848 2480 
2481:    0 286 1695 882 2481 
2482:    0 821 2643 831 2482 
2483:    0 1954 2483 
2484:    0 821 2445 2030 2965 162 2484 
2485:    0 278 1150 1129 2485 
2486:    0 821 425 2981 1061 2486 
2487:    0 420 2841 2487 
2488:    0 2320 2509 537 2488 
2489:    0 278 2489 
2490:    0 821 235 159 1148 2490 
2491:    0 821 1346 2491 
2492:    0 821 235 422 2492 
2493:    0 821 726 2343 2493 
2494:    0 1954 2419 848 399 2494 
2495:    0 2539 1103 2495 
2496:    0 2714 1971 595 2496 
2497:    0 1954 257 2003 2497 
2498:    0 821 1265 1731 2937 2498 
2499:    0 915 2184 2079 2499 
2500:    0 2539 2205 91 1155 2500 
2501:    0 1954 2419 1949 2069 2501 
2502:    0 821 425 31 2502 
2503:    0 2714 1971 595 2503 
2504:    0 1954 2047 542 2504 
2505:    0 2320 740 2505 
2506:    0 821 2445 2030 1055 2506 
2507:    0 821 2445 468 2507 
2508:    0 1954 2419 1949 210 2508 
2509:    0 2320 2509 
2510:    0 2714 112 2510 
2511:    0 821 425 2139 539 2511 
2512:    0 286 1695 2512 
2513:    0 821 2356 2513 
2514:    0 821 726 2231 2177 2514 
2515:    0 821 1918 761 2515 
2516:    0 821 726 2349 1114 2516 
2517:    0 821 1265 1675 1497 2517 
2518:    0 821 425 1987 1191 2518 
2519:    0 2714 1971 33 1541 2519 
2520:    0 915 1043 2520 
2521:    0 420 2841 2521 
2522:    0 821 235 422 2522 
2523:    0 821 235 159 2523 
2524:    0 821 1265 875 1228 2524 
2525:    0 821 2445 802 2525 
2526:    0 821 726 634 460 2526 
2527:    0 821 175 1778 2527 
2528:    0 1954 257 1841 1517 2037 2528 
2529:    0 821 425 2529 
2530:    0 821 1265 1731 2530 
2531:    0 1954 257 1593 2774 2531 
2532:    0 821 1670 1050 723 2532 
2533:    0 821 425 1987 227 2533 
2534:    0 1954 257 1841 2534 
2535:    0 821 235 159 1148 2535 
2536:    0 821 2445 2030 1197 338 2536 
2537:    0 821 2445 2030 729 2537 
2538:    0 821 425 749 2830 839 2538 
2539:    0 2539 
2540:    0 821 2445 2030 729 972 2540 
2541:    0 286 1965 2541 
2542:    0 2220 512 1009 2542 
2543:    0 1954 2053 489 2543 
2544:    0 2714 1887 956 2895 2544 
2545:    0 2714 2765 261 1717 2545 
2546:    0 821 1918 2973 1781 2546 
2547:    0 2714 2062 2547 
2548:    0 915 1797 2548 
2549:    0 821 2356 426 2243 2964 2549 
2550:    0 821 425 2682 129 2550 
2551:    0 2714 1971 33 207 2551 
2552:    0 2539 2205 91 1155 584 2596 2552 
2553:    0 821 1265 875 2553 
2554:    0 821 425 31 1524 2554 
2555:    0 915 2635 1828 2555 
2556:    0 821 2445 252 1674 1604 2556 
2557:    0 278 1150 2557 
2558:    0 2714 1245 854 2558 
2559:    0 821 425 31 1524 2559 
2560:    0 1954 2419 848 399 2560 
2561:    0 821 726 2910 24 2561 
2562:    0 2220 1093 2562 
2563:    0 2714 2765 1052 1673 2563 
2564:    0 2605 673 2564 
2565:    0 420 339 2565 
2566:    0 2539 2205 2566 
2567:    0 2539 2205 91 2567 
2568:    0 821 2445 252 2568 
2569:    0 2714 1971 2569 
2570:    0 821 425 31 1524 1567 2570 
2571:    0 821 2445 1420 2571 
2572:    0 821 425 1987 227 2572 
2573:    0 1954 2419 2573 
2574:    0 821 2445 2030 2807 2574 
2575:    0 821 2445 2958 2575 
2576:    0 821 726 634 2977 2576 
2577:    0 2220 954 2577 
2578:    0 1954 257 1593 1241 2578 
2579:    0 2714 2245 374 2579 
2580:    0 821 2445 2958 2987 2580 
2581:    0 821 1265 531 308 2581 
2582:    0 821 175 1638 509 2582 
2583:    0 821 2445 252 1674 1416 2583 
2584:    0 821 2356 1476 2584 
2585:    0 821 2445 2958 2987 209 2585 
2586:    0 286 1695 2586 
2587:    0 821 2445 802 2525 2587 
2588:    0 821 2445 2958 2987 2580 2588 
2589:    0 821 2445 2030 2965 2589 
2590:    0 286 1695 2590 
2591:    0 821 1265 875 1477 2591 
2592:    0 821 2445 252 2898 2592 
2593:    0 821 425 2139 2593 
2594:    0 2539 2205 778 2594 
2595:    0 821 425 31 1524 2696 2595 
2596:    0 2539 2205 91 1155 584 2596 
2597:    0 2714 2765 1052 1673 2597 
2598:    0 1954 2053 2598 
2599:    0 821 425 1987 227 2599 
2600:    0 2714 2245 2600 
2601:    0 821 235 159 1380 1418 952 2601 
2602:    0 2714 1971 595 796 2602 
2603:    0 821 2445 252 1822 2603 
2604:    0 2539 2205 91 2567 1104 2604 
2605:    0 2605 
2606:    0 821 2445 2958 1832 744 2606 
2607:    0 2539 2060 717 2607 
2608:    0 286 1695 2586 2608 
2609:    0 821 1265 945 2609 
2610:    0 2605 2281 2818 2610 
2611:    0 821 2445 2030 2965 2611 
2612:    0 821 726 2910 2612 
2613:    0 286 2734 2613 
2614:    0 2220 954 2614 
2615:    0 2539 2205 91 2153 2615 
2616:    0 1954 2419 848 810 1168 2616 
2617:    0 2220 954 803 2617 
2618:    0 821 2445 468 1676 1725 2618 
2619:    0 821 175 2866 563 2619 
2620:    0 821 726 634 2620 
2621:    0 2220 954 2614 2621 
2622:    0 1954 2419 848 2480 2622 
2623:    0 821 2356 492 2623 
2624:    0 1954 2419 848 399 410 2624 
2625:    0 2220 954 526 2625 
2626:    0 2714 1887 950 870 2626 
2627:    0 1954 257 1593 1241 2627 
2628:    0 2714 2765 1052 2628 
2629:    0 821 425 749 1569 2885 2629 
2630:    0 2714 1326 553 2630 
2631:    0 821 1265 1731 2631 
2632:    0 2220 1430 2632 
2633:    0 1954 2053 489 1357 2633 
2634:    0 1954 2419 1928 780 2634 
2635:    0 915 2635 
2636:    0 2220 954 526 2636 
2637:    0 2539 2205 91 1155 584 2637 
2638:    0 2605 2281 383 2638 
2639:    0 286 1695 2639 
2640:    0 2714 2765 2640 
2641:    0 286 1695 2586 2926 2641 
2642:    0 1954 257 2003 1542 2642 
2643:    0 821 2643 
2644:    0 1954 2419 848 2326 2644 
2645:    0 821 2356 492 2645 
2646:    0 420 2841 2646 
2647:    0 821 175 2866 1271 2647 
2648:    0 821 726 634 2288 2648 
2649:    0 1954 2167 1906 474 2649 
2650:    0 2539 2060 2665 2226 2650 
2651:    0 821 175 2191 2651 
2652:    0 1954 2419 848 399 985 2652 
2653:    0 2220 512 2383 2653 
2654:    0 1954 2419 1949 2654 
2655:    0 821 726 634 1097 2120 2655 
2656:    0 821 2445 2958 2656 
2657:    0 286 469 2657 
2658:    0 821 1265 2658 
2659:    0 1954 2419 848 428 2659 
2660:    0 2714 2765 261 2660 
2661:    0 2539 2205 91 2846 1881 2661 
2662:    0 821 2445 2030 2662 
2663:    0 2714 112 735 2663 
2664:    0 2539 2205 2566 2812 2664 
2665:    0 2539 2060 2665 
2666:    0 2714 2765 261 564 2666 
2667:    0 821 1265 1731 2667 
2668:    0 821 1265 1578 2668 
2669:    0 2714 2765 2325 2669 
2670:    0 821 2356 819 781 2193 2670 
2671:    0 821 2356 819 781 2671 
2672:    0 1954 2419 1928 2672 
2673:    0 1954 2419 1949 2129 2673 
2674:    0 821 2445 252 1674 229 2674 
2675:    0 821 726 681 2675 
2676:    0 2714 2765 261 564 2676 
2677:    0 2714 1971 595 2677 
2678:    0 821 2643 2678 
2679:    0 2714 2062 2332 2679 
2680:    0 1954 2419 2160 2680 
2681:    0 2220 954 2681 
2682:    0 821 425 2682 
2683:    0 821 726 634 2922 2406 2683 
2684:    0 821 2356 819 781 2671 2684 
2685:    0 2539 2205 342 2159 2685 
2686:    0 821 175 4 2686 
2687:    0 2714 1326 480 1037 2687 
2688:    0 2714 2245 1303 2688 
2689:    0 821 2445 252 1674 1416 789 2689 
2690:    0 915 2690 
2691:    0 821 2356 1476 2691 
2692:    0 1954 257 1593 1241 1825 2692 
2693:    0 821 425 31 491 2693 
2694:    0 1954 257 2003 2694 
2695:    0 278 20 2695 
2696:    0 821 425 31 1524 2696 
2697:    0 821 175 2318 2697 
2698:    0 1954 257 1841 304 2698 
2699:    0 821 425 2981 1117 2699 
2700:    0 821 1670 900 1762 2700 
2701:    0 821 425 2810 506 2701 
2702:    0 2714 2765 748 2702 
2703:    0 2714 2245 2703 
2704:    0 821 2445 1528 2704 
2705:    0 2714 2245 2705 
2706:    0 1954 2419 1855 929 2706 
2707:    0 2714 2765 261 564 2923 2707 
2708:    0 821 2356 819 2708 
2709:    0 821 1265 109 2966 820 2709 
2710:    0 821 2445 468 1676 332 1372 2710 
2711:    0 1954 257 1833 2711 
2712:    0 821 2643 2678 1113 2712 
2713:    0 2539 2205 2566 1115 1576 2713 
2714:    0 2714 
2715:    0 1954 2053 489 1357 309 2715 
2716:    0 1954 2971 2716 
2717:    0 821 726 634 2922 1096 2717 
2718:    0 821 2445 2030 1055 2718 
2719:    0 2320 2509 2719 
2720:    0 1954 2167 1906 438 2720 
2721:    0 286 469 1536 2852 2721 
2722:    0 821 1918 761 1274 2722 
2723:    0 2714 2062 2332 2723 
2724:    0 821 2445 2030 1197 2724 
2725:    0 286 1695 2586 2725 
2726:    0 2714 2765 328 253 2726 
2727:    0 821 235 57 2727 
2728:    0 2714 2765 2325 2669 2728 
2729:    0 1954 257 1593 2774 2729 
2730:    0 2539 2205 223 2730 
2731:    0 1954 2047 2731 
2732:    0 2539 2205 2566 2732 
2733:    0 1954 2047 2007 2733 
2734:    0 286 2734 
2735:    0 821 726 634 675 1871 2735 
2736:    0 1954 2053 2438 2736 
2737:    0 2220 954 2737 
2738:    0 286 469 303 2738 
2739:    0 821 2445 1528 2739 
2740:    0 821 1670 1761 2990 2740 
2741:    0 821 1918 2741 
2742:    0 821 425 2981 2742 
2743:    0 821 2445 1420 2571 2743 
2744:    0 1954 2167 2998 2744 
2745:    0 2714 2245 1452 1610 2745 
2746:    0 278 1150 2394 2746 
2747:    0 2714 1971 595 2747 
2748:    0 2220 954 2614 2748 
2749:    0 821 425 2981 1061 2038 2749 
2750:    0 821 1265 1321 2267 2750 
2751:    0 821 2445 468 2507 279 2751 
2752:    0 278 20 2695 2752 
2753:    0 1954 2167 2753 
2754:    0 821 2445 2958 2987 1255 2754 
2755:    0 1954 257 1593 488 2755 
2756:    0 286 1695 882 2756 
2757:    0 821 726 681 1892 2757 
2758:    0 821 2445 2958 2656 2758 
2759:    0 821 2445 468 2759 
2760:    0 821 2445 367 1365 2760 
2761:    0 2539 2205 91 2957 2761 
2762:    0 821 425 2682 129 2762 
2763:    0 821 726 2057 2763 
2764:    0 2539 2060 2764 
2765:    0 2714 2765 
2766:    0 821 425 2810 2464 2766 
2767:    0 915 2947 2767 
2768:    0 821 425 31 1524 1567 2768 
2769:    0 821 1265 875 2769 
2770:    0 286 2770 
2771:    0 821 2356 150 2771 
2772:    0 1954 161 2772 
2773:    0 1954 2419 848 2326 1562 2773 
2774:    0 1954 257 1593 2774 
2775:    0 1954 2419 848 2821 2122 2775 
2776:    0 821 1670 193 2776 
2777:    0 821 175 2318 2777 
2778:    0 821 1918 694 2778 
2779:    0 2714 2765 2779 
2780:    0 420 2841 2780 
2781:    0 1954 2167 1906 474 2781 
2782:    0 2714 112 2510 2782 
2783:    0 821 726 2057 258 824 2783 
2784:    0 2220 954 803 2784 
2785:    0 2714 1326 553 2630 2785 
2786:    0 821 726 661 2035 2786 
2787:    0 821 2445 2030 2787 
2788:    0 286 469 2248 2788 
2789:    0 2220 557 414 2789 
2790:    0 821 425 1987 580 2790 
2791:    0 821 425 2981 1061 412 2791 
2792:    0 821 425 212 2792 
2793:    0 821 2445 2030 2968 1060 2793 
2794:    0 2714 2245 1452 2794 
2795:    0 821 425 2795 
2796:    0 1954 2419 1928 2796 
2797:    0 2714 112 2797 
2798:    0 1954 257 1593 1241 1082 2798 
2799:    0 1954 2167 1906 2799 
2800:    0 2539 2205 2354 2800 
2801:    0 821 2356 819 1938 2801 
2802:    0 1954 2419 848 810 1644 2802 
2803:    0 1954 2167 2803 
2804:    0 420 2250 2804 
2805:    0 1954 2419 524 1188 2805 
2806:    0 821 2445 2030 2806 
2807:    0 821 2445 2030 2807 
2808:    0 1954 257 1841 304 2808 
2809:    0 821 2445 2030 1055 2809 
2810:    0 821 425 2810 
2811:    0 821 1265 1970 2811 
2812:    0 2539 2205 2566 2812 
2813:    0 2714 2765 2325 2813 
2814:    0 821 235 159 2523 2814 
2815:    0 1954 2419 848 1467 2815 
2816:    0 2539 2924 2816 
2817:    0 821 175 827 936 2817 
2818:    0 2605 2281 2818 
2819:    0 2220 512 2383 2819 
2820:    0 1954 257 1841 1517 10 833 2820 
2821:    0 1954 2419 848 2821 
2822:    0 420 2250 2804 2822 
2823:    0 821 726 2349 1963 2823 
2824:    0 821 1670 511 2824 
2825:    0 2714 2296 2389 2825 
2826:    0 821 1670 511 657 2826 
2827:    0 1954 257 1841 1517 2827 
2828:    0 1954 2419 848 2326 2828 
2829:    0 821 2445 468 890 2829 
2830:    0 821 425 749 2830 
2831:    0 821 1670 1050 2831 
2832:    0 2539 2205 2566 2985 2287 2832 
2833:    0 1954 257 1750 324 2833 
2834:    0 2605 2281 861 2834 
2835:    0 2605 329 2835 
2836:    0 821 2356 819 2412 686 2836 
2837:    0 821 2356 426 2243 2837 
2838:    0 286 1695 2838 
2839:    0 286 566 2839 
2840:    0 821 1918 2973 2840 
2841:    0 420 2841 
2842:    0 286 1965 2541 2842 
2843:    0 821 175 2866 98 1548 2843 
2844:    0 2714 2245 2844 
2845:    0 2714 1971 595 796 2845 
2846:    0 2539 2205 91 2846 
2847:    0 821 1918 251 2847 
2848:    0 821 1918 2741 2848 
2849:    0 2605 2849 
2850:    0 2220 2426 2850 
2851:    0 821 2445 2030 2965 2851 
2852:    0 286 469 1536 2852 
2853:    0 821 175 2866 2853 
2854:    0 278 1150 2854 
2855:    0 286 2031 2855 
2856:    0 821 2445 2030 2965 2856 
2857:    0 286 1695 2005 2857 
2858:    0 1954 2053 2438 2858 
2859:    0 821 235 159 1148 2859 
2860:    0 2714 2296 2860 
2861:    0 2714 2245 1303 2861 
2862:    0 821 2356 335 2862 
2863:    0 1954 2053 1101 2863 
2864:    0 1954 257 1841 1175 1030 2864 
2865:    0 2320 740 2865 
2866:    0 821 175 2866 
2867:    0 2539 2205 2566 2812 2664 2867 
2868:    0 1954 257 1835 2868 
2869:    0 1954 2419 1949 2869 
2870:    0 821 1670 2870 
2871:    0 821 726 634 1097 2871 
2872:    0 2605 2281 2143 612 2872 
2873:    0 420 339 2873 
2874:    0 2714 2765 922 1370 2874 
2875:    0 1954 257 1593 2774 2875 
2876:    0 821 2445 571 2876 
2877:    0 2714 1971 2877 
2878:    0 2539 2924 1296 2878 
2879:    0 2220 2920 2879 
2880:    0 2714 2300 2880 
2881:    0 2714 1971 2877 1201 2881 
2882:    0 821 726 2231 1691 2882 
2883:    0 821 425 2008 2883 
2884:    0 821 2445 2958 2656 2884 
2885:    0 821 425 749 1569 2885 
2886:    0 821 2445 2958 1339 1936 2886 
2887:    0 821 2356 426 2243 2887 
2888:    0 821 726 2910 1732 2888 
2889:    0 2539 2205 342 1333 2889 
2890:    0 821 1265 109 1925 2890 
2891:    0 2539 2205 2566 2985 396 473 2891 
2892:    0 2220 512 2892 
2893:    0 915 1378 625 2893 
2894:    0 1920 2894 
2895:    0 2714 1887 956 2895 
2896:    0 2714 1971 2877 1999 2896 
2897:    0 2220 2426 2897 
2898:    0 821 2445 252 2898 
2899:    0 821 726 634 2899 
2900:    0 2220 2900 
2901:    0 821 2445 1528 2704 2901 
2902:    0 2605 2281 861 570 2902 
2903:    0 2714 2765 1342 2903 
2904:    0 2539 2205 91 2846 2904 
2905:    0 2714 2765 2905 
2906:    0 286 566 806 2906 
2907:    0 821 2445 2958 1832 1133 2907 
2908:    0 2714 1887 950 870 2908 
2909:    0 2714 112 735 2909 
2910:    0 821 726 2910 
2911:    0 2714 1887 956 2895 2911 
2912:    0 915 1378 2912 
2913:    0 821 726 634 460 1213 2913 
2914:    0 2714 2765 328 2914 
2915:    0 821 726 2343 75 2915 
2916:    0 286 1965 2916 
2917:    0 2539 2205 91 2957 1056 2917 
2918:    0 2605 1545 2918 
2919:    0 821 425 749 2919 
2920:    0 2220 2920 
2921:    0 2714 2296 2091 2921 
2922:    0 821 726 634 2922 
2923:    0 2714 2765 261 564 2923 
2924:    0 2539 2924 
2925:    0 2539 2205 2566 1641 321 2925 
2926:    0 286 1695 2586 2926 
2927:    0 821 1265 1321 1975 2927 
2928:    0 821 726 661 2928 
2929:    0 286 1695 2225 2929 
2930:    0 821 425 2981 2930 
2931:    0 2714 2765 2779 2931 
2932:    0 2539 2924 213 2932 
2933:    0 821 1265 1970 2933 
2934:    0 1954 2053 2438 2934 
2935:    0 1954 2419 848 399 985 2935 
2936:    0 2539 2205 91 2567 2936 
2937:    0 821 1265 1731 2937 
2938:    0 2714 1971 2877 860 2938 
2939:    0 2714 2765 748 2939 
2940:    0 1954 2419 848 2821 2122 2940 
2941:    0 821 425 2008 630 2941 
2942:    0 821 425 2981 2211 1068 2942 
2943:    0 2539 2205 91 2567 2272 1428 2943 
2944:    0 821 2445 468 2944 
2945:    0 286 2945 
2946:    0 2714 2765 2946 
2947:    0 915 2947 
2948:    0 821 1918 694 2203 2948 
2949:    0 2714 2062 1361 2949 
2950:    0 821 1265 240 2950 
2951:    0 821 425 1987 1191 1196 2951 
2952:    0 821 726 634 2952 
2953:    0 821 425 749 1569 2953 
2954:    0 2714 1971 33 1600 2954 
2955:    0 821 2356 819 2412 2955 
2956:    0 821 2356 492 2280 2956 
2957:    0 2539 2205 91 2957 
2958:    0 821 2445 2958 
2959:    0 821 2445 802 292 2959 
2960:    0 2605 2281 861 1248 2960 
2961:    0 821 2445 468 1676 2961 
2962:    0 821 2445 2030 1197 1811 2962 
2963:    0 2605 673 2963 
2964:    0 821 2356 426 2243 2964 
2965:    0 821 2445 2030 2965 
2966:    0 821 1265 109 2966 
2967:    0 2320 1320 482 2967 
2968:    0 821 2445 2030 2968 
2969:    0 821 2445 468 890 2969 
2970:    0 2714 1887 956 453 2970 
2971:    0 1954 2971 
2972:    0 2714 2296 1559 1882 2972 
2973:    0 821 1918 2973 
2974:    0 1954 257 1841 1175 2974 
2975:    0 821 235 159 2523 2 2975 
2976:    0 2220 954 526 2976 
2977:    0 821 726 634 2977 
2978:    0 2714 1971 2877 370 21 2978 
2979:    0 2714 2245 1452 2255 2979 
2980:    0 2320 2509 2980 
2981:    0 821 425 2981 
2982:    0 821 1265 875 2769 2982 
2983:    0 821 175 2318 2983 
2984:    0 821 726 2231 2177 88 2984 
2985:    0 2539 2205 2566 2985 
2986:    0 821 2445 367 2986 
2987:    0 821 2445 2958 2987 
2988:    0 1954 2053 2438 1707 2988 
2989:    0 821 1346 719 2989 
2990:    0 821 1670 1761 2990 
2991:    0 1954 2053 489 2991 
2992:    0 821 2356 819 704 395 2992 
2993:    0 821 2356 819 781 2671 2993 
2994:    0 2714 2430 2994 
2995:    0 1954 2419 524 1622 368 2995 
2996:    0 2220 995 577 2996 
2997:    0 821 175 827 2997 
2998:    0 1954 2167 2998 
2999:    0 1954 2167 2803 2999 
