The distance from 0 to each vertex is:
  v    dist 0->v
----   ---------
  1          5
  2          5
  3          6
  4          5
  5          4
  6          6
  7          5
  8          5
  9          5
 10          6
 11          5
 12          6
 13          4
 14          5
 15          5
 16          6
 17          5
 18          5
 19          5
 20          4
 21          4
 22          6
 23          5
 24          5
 25          5
 26          6
 27          6
 28          5
 29          5
 30          5
 31          5
 32          6
 33          4
 34          6
 35          5
 36          6
 37          6
 38          6
 39          5
 40          6
 41          5
 42          5
 43          5
 44          5
 45          5
 46          5
 47          4
 48          6
 49          4
 50          5
 51          6
 52          4
 53          6
 54          4
 55          6
 56          6
 57          5
 58          5
 59          4
 60          4
 61          5
 62          6
 63          2
 64          6
 65          6
 66          5
 67          5
 68          6
 69          5
 70          5
 71          6
 72          5
 73          4
 74          6
 75          5
 76          5
 77          4
 78          5
 79          6
 80          3
 81          5
 82          5
 83          5
 84          6
 85          6
 86          6
 87          5
 88          6
 89          6
 90          6
 91          6
 92          5
 93          6
 94          6
 95          7
 96          6
 97          5
 98          5
 99          5
100          4
101          5
102          5
103          5
104          6
105          6
106          5
107          6
108          5
109          5
110          3
111          5
112          6
113          4
114          5
115          5
116          6
117          5
118          6
119          6
120          6
121          5
122          5
123          6
124          5
125          4
126          4
127          5
128          5
129          5
130          5
131          5
132          5
133          6
134          6
135          7
136          5
137          6
138          6
139          6
140          5
141          6
142          5
143          6
144          4
145          7
146          6
147          6
148          4
149          6
150          6
151          6
152          5
153          7
154          5
155          6
156          5
157          5
158          4
159          6
160          4
161          5
162          6
163          5
164          5
165          5
166          6
167          6
168          5
169          4
170          5
171          5
172          6
173          6
174          5
175          5
176          4
177          5
178          6
179          6
180          6
181          5
182          5
183          5
184          5
185          5
186          4
187          6
188          5
189          5
190          5
191          5
192          5
193          6
194          5
195          5
196          5
197          5
198          5
199          6
200          3
201          5
202          6
203          6
204          6
205          5
206          5
207          6
208          5
209          6
210          6
211          5
212          6
213          5
214          6
215          5
216          5
217          6
218          5
219          6
220          6
221          6
222          5
223          5
224          7
225          5
226          5
227          6
228          4
229          6
230          5
231          5
232          5
233          5
234          6
235          6
236          6
237          5
238          5
239          5
240          6
241          5
242          4
243          6
244          6
245          6
246          5
247          5
248          5
249          5
250          5
251          5
252          5
253          5
254          6
255          4
256          7
257          5
258          5
259          7
260          5
261          5
262          5
263          6
264          6
265          5
266          6
267          6
268          5
269          6
270          6
271          6
272          7
273          6
274          4
275          6
276          6
277          6
278          3
279          5
280          6
281          5
282          5
283          6
284          5
285          4
286          2
287          6
288          5
289          6
290          6
291          6
292          4
293          4
294          6
295          5
296          5
297          6
298          7
299          6
300          6
301          5
302          5
303          4
304          6
305          5
306          6
307          5
308          5
309          7
310          4
311          7
312          6
313          5
314          5
315          5
316          5
317          6
318          7
319          6
320          5
321          3
322          6
323          4
324          6
325          6
326          6
327          6
328          5
329          6
330          5
331          5
332          6
333          5
334          5
335          5
336          6
337          6
338          4
339          5
340          6
341          5
342          5
343          4
344          6
345          6
346          6
347          4
348          4
349          5
350          7
351          4
352          6
353          5
354          6
355          5
356          6
357          4
358          5
359          5
360          6
361          6
362          6
363          4
364          5
365          5
366          5
367          5
368          6
369          5
370          4
371          4
372          6
373          4
374          6
375          5
376          6
377          6
378          6
379          4
380          5
381          5
382          6
383          5
384          5
385          5
386          5
387          4
388          5
389          5
390          5
391          5
392          6
393          5
394          4
395          5
396          5
397          5
398          6
399          5
400          4
401          6
402          4
403          4
404          5
405          6
406          5
407          5
408          5
409          6
410          5
411          5
412          6
413          6
414          6
415          6
416          5
417          4
418          5
419          5
420          3
421          4
422          5
423          6
424          6
425          6
426          6
427          6
428          5
429          6
430          5
431          5
432          4
433          5
434          5
435          5
436          4
437          5
438          5
439          6
440          7
441          5
442          6
443          5
444          5
445          4
446          6
447          4
448          5
449          6
450          6
451          5
452          4
453          6
454          6
455          5
456          6
457          6
458          5
459          6
460          7
461          5
462          6
463          4
464          6
465          5
466          6
467          6
468          5
469          6
470          6
471          6
472          5
473          6
474          6
475          6
476          6
477          5
478          5
479          7
480          6
481          6
482          3
483          6
484          4
485          6
486          6
487          5
488          6
489          7
490          4
491          6
492          5
493          5
494          5
495          5
496          5
497          4
498          5
499          4
500          6
501          5
502          6
503          5
504          6
505          4
506          5
507          6
508          6
509          6
510          5
511          5
512          5
513          5
514          5
515          5
516          5
517          5
518          5
519          6
520          5
521          5
522          7
523          6
524          5
525          5
526          5
527          5
528          4
529          5
530          5
531          5
532          6
533          6
534          6
535          5
536          6
537          6
538          6
539          6
540          4
541          5
542          5
543          6
544          4
545          7
546          6
547          6
548          5
549          6
550          6
551          6
552          6
553          5
554          6
555          5
556          4
557          5
558          6
559          5
560          4
561          6
562          5
563          5
564          4
565          5
566          4
567          6
568          5
569          6
570          5
571          5
572          6
573          5
574          6
575          6
576          5
577          6
578          6
579          6
580          6
581          6
582          5
583          5
584          6
585          5
586          5
587          6
588          6
589          5
590          5
591          4
592          6
593          6
594          5
595          5
596          5
597          5
598          5
599          5
600          5
601          6
602          6
603          5
604          5
605          6
606          4
607          5
608          5
609          5
610          4
611          6
612          4
613          5
614          5
615          2
616          5
617          4
618          6
619          6
620          6
621          4
622          6
623          6
624          6
625          6
626          5
627          6
628          6
629          4
630          5
631          4
632          7
633          4
634          5
635          7
636          5
637          6
638          6
639          6
640          6
641          5
642          5
643          4
644          6
645          5
646          5
647          5
648          5
649          5
650          4
651          6
652          4
653          5
654          6
655          6
656          6
657          5
658          7
659          5
660          6
661          6
662          5
663          5
664          6
665          4
666          5
667          5
668          5
669          6
670          6
671          4
672          6
673          6
674          6
675          5
676          5
677          6
678          3
679          5
680          6
681          6
682          5
683          6
684          5
685          7
686          5
687          6
688          4
689          7
690          6
691          5
692          5
693          6
694          5
695          5
696          6
697          6
698          5
699          6
700          5
701          4
702          6
703          5
704          5
705          5
706          5
707          5
708          5
709          4
710          2
711          6
712          5
713          5
714          5
715          5
716          5
717          5
718          5
719          4
720          4
721          5
722          5
723          5
724          6
725          4
726          6
727          6
728          6
729          6
730          6
731          6
732          3
733          6
734          6
735          6
736          5
737          5
738          4
739          6
740          5
741          5
742          5
743          5
744          6
745          5
746          5
747          6
748          5
749          5
750          6
751          6
752          6
753          5
754          5
755          6
756          5
757          4
758          6
759          4
760          5
761          6
762          4
763          6
764          6
765          5
766          3
767          6
768          5
769          6
770          5
771          6
772          4
773          5
774          6
775          6
776          7
777          3
778          6
779          5
780          5
781          5
782          6
783          5
784          6
785          6
786          4
787          6
788          4
789          5
790          6
791          5
792          6
793          5
794          6
795          5
796          5
797          4
798          5
799          5
800          6
801          4
802          4
803          5
804          5
805          5
806          5
807          5
808          6
809          5
810          6
811          5
812          4
813          6
814          6
815          6
816          5
817          6
818          5
819          6
820          5
821          1
822          5
823          6
824          5
825          5
826          3
827          5
828          6
829          2
830          5
831          5
832          6
833          6
834          6
835          6
836          5
837          6
838          5
839          6
840          6
841          3
842          6
843          5
844          5
845          6
846          5
847          5
848          5
849          4
850          4
851          4
852          3
853          6
854          6
855          5
856          4
857          6
858          4
859          6
860          4
861          4
862          6
863          6
864          6
865          5
866          6
867          5
868          5
869          5
870          5
871          6
872          6
873          5
874          6
875          6
876          5
877          5
878          4
879          4
880          5
881          5
882          5
883          4
884          4
885          6
886          5
887          6
888          5
889          6
890          6
891          5
892          6
893          5
894          6
895          5
896          5
897          4
898          5
899          6
900          3
901          3
902          4
903          6
904          6
905          6
906          5
907          6
908          7
909          4
910          6
911          5
912          5
913          5
914          6
915          3
916          5
917          5
918          5
919          6
920          5
921          5
922          5
923          6
924          7
925          4
926          6
927          6
928          6
929          6
930          5
931          6
932          5
933          6
934          5
935          6
936          6
937          6
938          7
939          4
940          4
941          5
942          7
943          5
944          6
945          5
946          5
947          5
948          5
949          5
950          5
951          6
952          6
953          6
954          5
955          5
956          5
957          6
958          5
959          5
960          7
961          4
962          6
963          6
964          6
965          5
966          6
967          5
968          5
969          5
970          5
971          6
972          6
973          3
974          5
975          6
976          5
977          5
978          5
979          5
980          5
981          6
982          7
983          6
984          5
985          6
986          6
987          6
988          4
989          5
990          6
991          7
992          4
993          5
994          6
995          5
996          5
997          5
998          6
999          5
1000          5
1001          5
1002          6
1003          5
1004          6
1005          5
1006          5
1007          6
1008          6
1009          5
1010          5
1011          4
1012          4
1013          6
1014          5
1015          5
1016          6
1017          6
1018          6
1019          5
1020          5
1021          6
1022          5
1023          5
1024          5
1025          5
1026          6
1027          5
1028          5
1029          6
1030          4
1031          6
1032          6
1033          6
1034          4
1035          3
1036          6
1037          5
1038          6
1039          5
1040          5
1041          6
1042          5
1043          5
1044          6
1045          4
1046          7
1047          5
1048          5
1049          4
1050          5
1051          5
1052          5
1053          5
1054          5
1055          5
1056          5
1057          6
1058          5
1059          5
1060          4
1061          6
1062          4
1063          6
1064          6
1065          6
1066          4
1067          6
1068          6
1069          6
1070          6
1071          5
1072          6
1073          5
1074          6
1075          4
1076          4
1077          4
1078          6
1079          6
1080          5
1081          4
1082          5
1083          6
1084          5
1085          6
1086          4
1087          5
1088          5
1089          6
1090          6
1091          6
1092          5
1093          6
1094          5
1095          6
1096          4
1097          5
1098          6
1099          6
1100          5
1101          6
1102          5
1103          6
1104          4
1105          5
1106          5
1107          5
1108          5
1109          5
1110          6
1111          5
1112          6
1113          5
1114          5
1115          6
1116          5
1117          5
1118          6
1119          5
1120          6
1121          5
1122          6
1123          5
1124          5
1125          6
1126          6
1127          6
1128          6
1129          5
1130          4
1131          5
1132          5
1133          5
1134          5
1135          5
1136          6
1137          5
1138          3
1139          6
1140          6
1141          5
1142          6
1143          6
1144          6
1145          5
1146          5
1147          5
1148          6
1149          5
1150          6
1151          6
1152          6
1153          5
1154          5
1155          5
1156          6
1157          6
1158          6
1159          6
1160          6
1161          5
1162          7
1163          4
1164          5
1165          4
1166          5
1167          6
1168          6
1169          6
1170          6
1171          6
1172          5
1173          5
1174          6
1175          6
1176          6
1177          5
1178          4
1179          6
1180          5
1181          6
1182          4
1183          6
1184          5
1185          5
1186          6
1187          6
1188          6
1189          6
1190          6
1191          5
1192          6
1193          5
1194          5
1195          4
1196          4
1197          5
1198          3
1199          5
1200          6
1201          5
1202          5
1203          5
1204          4
1205          6
1206          7
1207          4
1208          6
1209          5
1210          6
1211          5
1212          5
1213          5
1214          3
1215          4
1216          6
1217          5
1218          5
1219          5
1220          6
1221          6
1222          6
1223          6
1224          6
1225          6
1226          6
1227          6
1228          5
1229          5
1230          4
1231          5
1232          6
1233          6
1234          5
1235          5
1236          5
1237          6
1238          6
1239          5
1240          5
1241          6
1242          5
1243          4
1244          6
1245          5
1246          6
1247          6
1248          6
1249          6
1250          5
1251          5
1252          6
1253          3
1254          6
1255          6
1256          5
1257          5
1258          6
1259          6
1260          4
1261          6
1262          4
1263          5
1264          5
1265          5
1266          5
1267          6
1268          4
1269          5
1270          4
1271          4
1272          5
1273          5
1274          5
1275          4
1276          5
1277          5
1278          7
1279          5
1280          6
1281          6
1282          5
1283          5
1284          5
1285          6
1286          6
1287          5
1288          6
1289          5
1290          4
1291          5
1292          4
1293          4
1294          6
1295          4
1296          6
1297          6
1298          4
1299          6
1300          4
1301          6
1302          6
1303          6
1304          7
1305          4
1306          5
1307          6
1308          2
1309          5
1310          4
1311          5
1312          5
1313          5
1314          6
1315          5
1316          5
1317          6
1318          5
1319          6
1320          5
1321          5
1322          6
1323          6
1324          6
1325          5
1326          6
1327          5
1328          6
1329          6
1330          5
1331          4
1332          5
1333          5
1334          5
1335          6
1336          4
1337          6
1338          5
1339          6
1340          5
1341          6
1342          6
1343          5
1344          5
1345          6
1346          5
1347          5
1348          5
1349          6
1350          6
1351          6
1352          5
1353          5
1354          6
1355          6
1356          5
1357          5
1358          5
1359          6
1360          5
1361          6
1362          7
1363          6
1364          7
1365          5
1366          4
1367          5
1368          4
1369          5
1370          6
1371          5
1372          5
1373          5
1374          6
1375          6
1376          6
1377          6
1378          6
1379          5
1380          5
1381          4
1382          5
1383          5
1384          6
1385          6
1386          5
1387          6
1388          4
1389          5
1390          5
1391          5
1392          5
1393          5
1394          7
1395          5
1396          5
1397          5
1398          5
1399          3
1400          5
1401          5
1402          5
1403          5
1404          5
1405          6
1406          5
1407          6
1408          6
1409          6
1410          5
1411          5
1412          6
1413          3
1414          6
1415          6
1416          5
1417          5
1418          6
1419          6
1420          6
1421          5
1422          6
1423          3
1424          6
1425          6
1426          4
1427          5
1428          5
1429          6
1430          6
1431          5
1432          5
1433          7
1434          6
1435          5
1436          6
1437          5
1438          6
1439          5
1440          5
1441          5
1442          5
1443          6
1444          5
1445          5
1446          4
1447          5
1448          6
1449          6
1450          2
1451          6
1452          5
1453          4
1454          6
1455          6
1456          4
1457          5
1458          6
1459          5
1460          6
1461          5
1462          5
1463          4
1464          5
1465          6
1466          7
1467          5
1468          5
1469          5
1470          4
1471          5
1472          6
1473          5
1474          7
1475          6
1476          4
1477          5
1478          5
1479          5
1480          5
1481          5
1482          6
1483          5
1484          3
1485          6
1486          5
1487          5
1488          7
1489          5
1490          6
1491          6
1492          6
1493          7
1494          4
1495          6
1496          5
1497          6
1498          5
1499          6
1500          6
1501          6
1502          6
1503          3
1504          5
1505          6
1506          6
1507          6
1508          5
1509          5
1510          5
1511          5
1512          5
1513          6
1514          5
1515          6
1516          5
1517          5
1518          5
1519          6
1520          4
1521          5
1522          5
1523          5
1524          6
1525          5
1526          6
1527          6
1528          4
1529          5
1530          6
1531          6
1532          5
1533          6
1534          5
1535          5
1536          4
1537          3
1538          3
1539          6
1540          5
1541          5
1542          5
1543          5
1544          5
1545          6
1546          5
1547          5
1548          5
1549          5
1550          6
1551          5
1552          5
1553          2
1554          6
1555          6
1556          6
1557          5
1558          6
1559          4
1560          6
1561          6
1562          5
1563          5
1564          6
1565          5
1566          6
1567          5
1568          5
1569          5
1570          5
1571          6
1572          5
1573          5
1574          6
1575          5
1576          6
1577          5
1578          5
1579          6
1580          7
1581          6
1582          6
1583          6
1584          6
1585          5
1586          4
1587          5
1588          6
1589          6
1590          5
1591          5
1592          5
1593          6
1594          6
1595          6
1596          6
1597          6
1598          5
1599          6
1600          5
1601          6
1602          5
1603          4
1604          6
1605          6
1606          5
1607          3
1608          3
1609          5
1610          5
1611          6
1612          6
1613          5
1614          5
1615          5
1616          5
1617          4
1618          5
1619          5
1620          5
1621          6
1622          6
1623          6
1624          6
1625          5
1626          4
1627          5
1628          5
1629          5
1630          6
1631          5
1632          5
1633          6
1634          6
1635          4
1636          5
1637          6
1638          4
1639          6
1640          5
1641          6
1642          5
1643          5
1644          4
1645          4
1646          7
1647          4
1648          5
1649          5
1650          5
1651          5
1652          6
1653          4
1654          6
1655          6
1656          5
1657          5
1658          5
1659          5
1660          4
1661          6
1662          6
1663          5
1664          6
1665          5
1666          5
1667          6
1668          4
1669          5
1670          6
1671          5
1672          5
1673          6
1674          6
1675          5
1676          6
1677          5
1678          5
1679          7
1680          5
1681          5
1682          6
1683          6
1684          6
1685          6
1686          6
1687          6
1688          4
1689          5
1690          5
1691          5
1692          6
1693          6
1694          5
1695          6
1696          6
1697          6
1698          5
1699          5
1700          7
1701          6
1702          4
1703          6
1704          6
1705          4
1706          5
1707          5
1708          6
1709          5
1710          5
1711          5
1712          5
1713          6
1714          6
1715          6
1716          6
1717          5
1718          6
1719          6
1720          5
1721          4
1722          5
1723          6
1724          6
1725          6
1726          6
1727          5
1728          6
1729          6
1730          5
1731          5
1732          4
1733          6
1734          5
1735          6
1736          5
1737          5
1738          6
1739          3
1740          5
1741          5
1742          5
1743          7
1744          5
1745          6
1746          5
1747          6
1748          3
1749          5
1750          4
1751          5
1752          5
1753          6
1754          6
1755          5
1756          6
1757          5
1758          4
1759          5
1760          5
1761          5
1762          5
1763          6
1764          5
1765          5
1766          6
1767          5
1768          6
1769          5
1770          6
1771          6
1772          6
1773          6
1774          6
1775          5
1776          5
1777          4
1778          6
1779          5
1780          5
1781          5
1782          6
1783          4
1784          4
1785          6
1786          6
1787          4
1788          5
1789          5
1790          5
1791          5
1792          4
1793          3
1794          5
1795          4
1796          5
1797          5
1798          4
1799          4
1800          5
1801          5
1802          5
1803          4
1804          6
1805          6
1806          5
1807          6
1808          5
1809          5
1810          5
1811          6
1812          5
1813          4
1814          6
1815          5
1816          5
1817          5
1818          5
1819          5
1820          4
1821          5
1822          4
1823          4
1824          5
1825          6
1826          5
1827          6
1828          5
1829          6
1830          5
1831          4
1832          3
1833          5
1834          6
1835          4
1836          4
1837          6
1838          5
1839          6
1840          4
1841          5
1842          4
1843          6
1844          6
1845          5
1846          5
1847          6
1848          6
1849          6
1850          5
1851          6
1852          6
1853          6
1854          6
1855          6
1856          5
1857          4
1858          4
1859          5
1860          6
1861          5
1862          6
1863          6
1864          6
1865          6
1866          5
1867          5
1868          5
1869          5
1870          5
1871          6
1872          6
1873          5
1874          5
1875          6
1876          6
1877          4
1878          6
1879          6
1880          5
1881          6
1882          4
1883          3
1884          6
1885          5
1886          6
1887          5
1888          6
1889          5
1890          6
1891          6
1892          5
1893          6
1894          6
1895          5
1896          5
1897          6
1898          4
1899          6
1900          5
1901          6
1902          6
1903          5
1904          5
1905          6
1906          6
1907          6
1908          5
1909          5
1910          4
1911          6
1912          5
1913          4
1914          6
1915          6
1916          6
1917          6
1918          5
1919          5
1920          5
1921          4
1922          6
1923          4
1924          6
1925          5
1926          5
1927          6
1928          5
1929          6
1930          6
1931          6
1932          4
1933          6
1934          5
1935          6
1936          5
1937          6
1938          4
1939          4
1940          5
1941          6
1942          5
1943          3
1944          5
1945          5
1946          4
1947          5
1948          6
1949          6
1950          6
1951          6
1952          7
1953          5
1954          1
1955          6
1956          5
1957          5
1958          6
1959          6
1960          6
1961          4
1962          6
1963          4
1964          6
1965          5
1966          5
1967          6
1968          6
1969          6
1970          6
1971          6
1972          5
1973          4
1974          6
1975          6
1976          5
1977          6
1978          5
1979          5
1980          6
1981          5
1982          6
1983          6
1984          5
1985          5
1986          5
1987          5
1988          6
1989          6
1990          6
1991          5
1992          6
1993          5
1994          4
1995          5
1996          6
1997          5
1998          5
1999          6
2000          5
2001          5
2002          5
2003          6
2004          5
2005          5
2006          4
2007          4
2008          6
2009          5
2010          4
2011          5
2012          5
2013          6
2014          6
2015          4
2016          6
2017          6
2018          6
2019          6
2020          4
2021          5
2022          5
2023          5
2024          5
2025          6
2026          6
2027          5
2028          6
2029          6
2030          6
2031          6
2032          5
2033          5
2034          6
2035          5
2036          6
2037          6
2038          6
2039          6
2040          6
2041          7
2042          5
2043          6
2044          2
2045          4
2046          6
2047          6
2048          5
2049          5
2050          6
2051          5
2052          5
2053          6
2054          5
2055          6
2056          5
2057          3
2058          6
2059          5
2060          5
2061          5
2062          6
2063          5
2064          5
2065          6
2066          6
2067          6
2068          5
2069          6
2070          5
2071          5
2072          6
2073          5
2074          5
2075          5
2076          4
2077          6
2078          5
2079          5
2080          5
2081          6
2082          5
2083          5
2084          5
2085          4
2086          3
2087          6
2088          6
2089          5
2090          6
2091          6
2092          4
2093          6
2094          5
2095          6
2096          5
2097          5
2098          5
2099          4
2100          6
2101          6
2102          5
2103          6
2104          6
2105          5
2106          5
2107          5
2108          5
2109          5
2110          6
2111          6
2112          6
2113          5
2114          6
2115          5
2116          6
2117          5
2118          6
2119          5
2120          5
2121          2
2122          5
2123          5
2124          6
2125          5
2126          4
2127          6
2128          3
2129          6
2130          5
2131          5
2132          5
2133          5
2134          3
2135          6
2136          6
2137          6
2138          6
2139          5
2140          6
2141          6
2142          5
2143          6
2144          5
2145          5
2146          5
2147          5
2148          6
2149          3
2150          6
2151          5
2152          5
2153          5
2154          5
2155          5
2156          3
2157          6
2158          4
2159          6
2160          6
2161          5
2162          6
2163          4
2164          6
2165          5
2166          6
2167          6
2168          7
2169          5
2170          6
2171          6
2172          5
2173          5
2174          6
2175          6
2176          6
2177          6
2178          6
2179          4
2180          5
2181          6
2182          6
2183          5
2184          6
2185          6
2186          5
2187          5
2188          4
2189          5
2190          6
2191          6
2192          5
2193          6
2194          5
2195          5
2196          4
2197          5
2198          4
2199          5
2200          6
2201          6
2202          4
2203          4
2204          5
2205          4
2206          5
2207          6
2208          5
2209          5
2210          5
2211          5
2212          5
2213          5
2214          5
2215          6
2216          5
2217          5
2218          6
2219          5
2220          2
2221          5
2222          5
2223          5
2224          5
2225          6
2226          4
2227          6
2228          5
2229          7
2230          6
2231          6
2232          5
2233          6
2234          5
2235          4
2236          5
2237          5
2238          6
2239          5
2240          5
2241          5
2242          3
2243          5
2244          5
2245          6
2246          5
2247          5
2248          5
2249          5
2250          5
2251          4
2252          4
2253          6
2254          6
2255          6
2256          5
2257          6
2258          6
2259          5
2260          5
2261          5
2262          6
2263          3
2264          6
2265          6
2266          6
2267          5
2268          6
2269          6
2270          4
2271          6
2272          5
2273          5
2274          5
2275          5
2276          4
2277          6
2278          7
2279          6
2280          5
2281          5
2282          4
2283          6
2284          6
2285          5
2286          6
2287          5
2288          4
2289          7
2290          5
2291          5
2292          5
2293          5
2294          4
2295          7
2296          5
2297          6
2298          5
2299          6
2300          6
2301          6
2302          5
2303          3
2304          5
2305          5
2306          6
2307          7
2308          5
2309          6
2310          5
2311          4
2312          6
2313          5
2314          6
2315          6
2316          5
2317          5
2318          6
2319          5
2320          3
2321          5
2322          5
2323          5
2324          6
2325          5
2326          4
2327          4
2328          5
2329          6
2330          5
2331          6
2332          5
2333          6
2334          7
2335          3
2336          4
2337          4
2338          5
2339          5
2340          5
2341          6
2342          6
2343          5
2344          5
2345          5
2346          5
2347          3
2348          5
2349          5
2350          6
2351          5
2352          4
2353          3
2354          5
2355          4
2356          6
2357          6
2358          4
2359          5
2360          6
2361          5
2362          5
2363          6
2364          5
2365          6
2366          6
2367          6
2368          6
2369          6
2370          5
2371          6
2372          6
2373          6
2374          5
2375          5
2376          6
2377          4
2378          5
2379          5
2380          5
2381          5
2382          5
2383          6
2384          7
2385          4
2386          5
2387          5
2388          6
2389          5
2390          5
2391          4
2392          6
2393          4
2394          6
2395          5
2396          6
2397          4
2398          5
2399          5
2400          4
2401          5
2402          6
2403          6
2404          5
2405          6
2406          5
2407          6
2408          6
2409          4
2410          6
2411          6
2412          6
2413          5
2414          5
2415          6
2416          6
2417          6
2418          6
2419          4
2420          3
2421          5
2422          6
2423          6
2424          6
2425          6
2426          5
2427          6
2428          5
2429          5
2430          5
2431          6
2432          6
2433          5
2434          5
2435          6
2436          5
2437          4
2438          4
2439          6
2440          5
2441          5
2442          5
2443          7
2444          4
2445          5
2446          4
2447          3
2448          5
2449          4
2450          7
2451          5
2452          5
2453          6
2454          5
2455          6
2456          7
2457          5
2458          5
2459          5
2460          5
2461          5
2462          6
2463          6
2464          5
2465          5
2466          6
2467          5
2468          6
2469          3
2470          6
2471          5
2472          6
2473          4
2474          5
2475          6
2476          6
2477          6
2478          6
2479          5
2480          6
2481          6
2482          6
2483          6
2484          5
2485          4
2486          5
2487          5
2488          6
2489          6
2490          6
2491          6
2492          4
2493          6
2494          5
2495          5
2496          4
2497          5
2498          6
2499          4
2500          5
2501          5
2502          5
2503          5
2504          6
2505          6
2506          5
2507          4
2508          5
2509          5
2510          5
2511          5
2512          4
2513          5
2514          5
2515          5
2516          6
2517          6
2518          5
2519          5
2520          5
2521          6
2522          6
2523          6
2524          5
2525          6
2526          5
2527          5
2528          5
2529          5
2530          6
2531          6
2532          5
2533          5
2534          5
2535          5
2536          6
2537          6
2538          6
2539          1
2540          6
2541          6
2542          6
2543          5
2544          5
2545          5
2546          6
2547          6
2548          4
2549          6
2550          6
2551          6
2552          5
2553          6
2554          5
2555          5
2556          6
2557          5
2558          6
2559          4
2560          6
2561          6
2562          5
2563          6
2564          6
2565          6
2566          4
2567          5
2568          6
2569          6
2570          6
2571          4
2572          6
2573          6
2574          6
2575          6
2576          5
2577          5
2578          4
2579          5
2580          6
2581          5
2582          4
2583          4
2584          6
2585          5
2586          4
2587          3
2588          7
2589          6
2590          6
2591          5
2592          5
2593          5
2594          4
2595          5
2596          6
2597          3
2598          6
2599          6
2600          5
2601          6
2602          5
2603          5
2604          5
2605          2
2606          5
2607          7
2608          6
2609          6
2610          7
2611          3
2612          6
2613          5
2614          6
2615          6
2616          5
2617          7
2618          5
2619          5
2620          6
2621          6
2622          6
2623          5
2624          6
2625          5
2626          7
2627          6
2628          5
2629          5
2630          6
2631          4
2632          6
2633          6
2634          5
2635          6
2636          6
2637          5
2638          6
2639          4
2640          5
2641          5
2642          6
2643          4
2644          5
2645          5
2646          6
2647          5
2648          4
2649          5
2650          6
2651          5
2652          5
2653          6
2654          4
2655          6
2656          6
2657          5
2658          5
2659          6
2660          5
2661          6
2662          5
2663          6
2664          6
2665          5
2666          5
2667          4
2668          4
2669          6
2670          5
2671          5
2672          5
2673          5
2674          6
2675          6
2676          5
2677          6
2678          3
2679          6
2680          5
2681          6
2682          6
2683          4
2684          5
2685          5
2686          5
2687          5
2688          5
2689          5
2690          6
2691          6
2692          5
2693          5
2694          6
2695          5
2696          6
2697          5
2698          5
2699          6
2700          6
2701          6
2702          6
2703          5
2704          6
2705          6
2706          7
2707          5
2708          5
2709          5
2710          6
2711          6
2712          5
2713          3
2714          2
2715          6
2716          4
2717          5
2718          6
2719          5
2720          5
2721          6
2722          6
2723          4
2724          5
2725          5
2726          6
2727          3
2728          5
2729          5
2730          6
2731          5
2732          4
2733          6
2734          6
2735          4
2736          5
2737          5
2738          5
2739          6
2740          5
2741          6
2742          5
2743          6
2744          5
2745          5
2746          6
2747          5
2748          6
2749          5
2750          6
2751          5
2752          4
2753          5
2754          4
2755          6
2756          5
2757          5
2758          5
2759          6
2760          6
2761          6
2762          5
2763          6
2764          6
2765          5
2766          4
2767          6
2768          5
2769          5
2770          5
2771          6
2772          5
2773          5
2774          6
2775          6
2776          6
2777          5
2778          5
2779          5
2780          6
2781          5
2782          4
2783          6
2784          4
2785          6
2786          5
2787          5
2788          6
2789          5
2790          5
2791          4
2792          6
2793          5
2794          6
2795          7
2796          5
2797          5
2798          5
2799          4
2800          6
2801          5
2802          5
2803          5
2804          4
2805          4
2806          4
2807          5
2808          6
2809          5
2810          5
2811          5
2812          6
2813          5
2814          6
2815          6
2816          5
2817          6
2818          6
2819          5
2820          6
2821          4
2822          5
2823          4
2824          4
2825          6
2826          6
2827          5
2828          5
2829          5
2830          5
2831          6
2832          5
2833          4
2834          5
2835          5
2836          5
2837          4
2838          5
2839          5
2840          3
2841          5
2842          5
2843          4
2844          5
2845          5
2846          6
2847          6
2848          5
2849          5
2850          6
2851          5
2852          5
2853          6
2854          5
2855          6
2856          6
2857          5
2858          4
2859          5
2860          5
2861          4
2862          5
2863          5
2864          5
2865          4
2866          5
2867          6
2868          6
2869          6
2870          5
2871          4
2872          4
2873          5
2874          6
2875          5
2876          4
2877          5
2878          5
2879          6
2880          5
2881          4
2882          5
2883          6
2884          5
2885          6
2886          6
2887          5
2888          3
2889          5
2890          5
2891          5
2892          5
2893          5
2894          7
2895          6
2896          6
2897          6
2898          6
2899          6
2900          6
2901          5
2902          5
2903          6
2904          6
2905          5
2906          4
2907          6
2908          5
2909          5
2910          5
2911          5
2912          5
2913          4
2914          5
2915          6
2916          5
2917          6
2918          5
2919          4
2920          6
2921          6
2922          5
2923          5
2924          4
2925          3
2926          5
2927          6
2928          5
2929          5
2930          6
2931          6
2932          7
2933          5
2934          5
2935          5
2936          5
2937          6
2938          5
2939          6
2940          6
2941          5
2942          6
2943          5
2944          6
2945          5
2946          5
2947          7
2948          6
2949          6
2950          6
2951          6
2952          5
2953          4
2954          6
2955          6
2956          4
2957          6
2958          5
2959          7
2960          5
2961          5
2962          6
2963          5
2964          6
2965          5
2966          5
2967          5
2968          6
2969          5
2970          5
2971          5
2972          5
2973          4
2974          6
2975          5
2976          4
2977          6
2978          5
2979          5
2980          5
2981          5
2982          6
2983          5
2984          6
2985          5
2986          6
2987          5
2988          6
2989          5
2990          6
2991          6
2992          6
2993          5
2994          6
2995          6
2996          5
2997          5
2998          5
2999          6
3000          6
3001          6
3002          7
3003          5
3004          5
3005          6
3006          5
3007          5
3008          5
3009          5
3010          6
3011          6
3012          3
3013          5
3014          5
3015          5
3016          6
3017          6
3018          5
3019          5
3020          5
3021          5
3022          5
3023          6
3024          5
3025          5
3026          3
3027          6
3028          6
3029          5
3030          5
3031          5
3032          5
3033          4
3034          4
3035          5
3036          6
3037          4
3038          6
3039          5
3040          6
3041          5
3042          6
3043          5
3044          3
3045          6
3046          6
3047          5
3048          6
3049          6
3050          4
3051          6
3052          5
3053          5
3054          6
3055          6
3056          5
3057          5
3058          5
3059          4
3060          6
3061          6
3062          5
3063          6
3064          5
3065          3
3066          4
3067          5
3068          6
3069          5
3070          6
3071          4
3072          6
3073          5
3074          6
3075          5
3076          5
3077          6
3078          6
3079          6
3080          4
3081          7
3082          4
3083          5
3084          5
3085          5
3086          5
3087          5
3088          6
3089          5
3090          6
3091          5
3092          4
3093          5
3094          6
3095          4
3096          6
3097          6
3098          6
3099          6
3100          5
3101          4
3102          4
3103          5
3104          5
3105          6
3106          6
3107          5
3108          6
3109          5
3110          3
3111          4
3112          5
3113          5
3114          5
3115          5
3116          5
3117          6
3118          4
3119          6
3120          5
3121          4
3122          6
3123          5
3124          4
3125          5
3126          5
3127          5
3128          5
3129          6
3130          6
3131          6
3132          5
3133          6
3134          5
3135          5
3136          5
3137          5
3138          6
3139          6
3140          5
3141          3
3142          6
3143          5
3144          5
3145          6
3146          4
3147          5
3148          6
3149          5
3150          5
3151          6
3152          5
3153          5
3154          7
3155          5
3156          5
3157          5
3158          5
3159          6
3160          5
3161          5
3162          5
3163          6
3164          5
3165          5
3166          5
3167          5
3168          5
3169          6
3170          5
3171          6
3172          6
3173          5
3174          6
3175          4
3176          5
3177          6
3178          5
3179          5
3180          5
3181          5
3182          6
3183          5
3184          5
3185          5
3186          5
3187          5
3188          6
3189          5
3190          6
3191          6
3192          4
3193          6
3194          5
3195          5
3196          6
3197          5
3198          5
3199          4
3200          7
3201          5
3202          6
3203          5
3204          5
3205          5
3206          6
3207          5
3208          4
3209          4
3210          5
3211          6
3212          6
3213          5
3214          5
3215          5
3216          6
3217          6
3218          3
3219          5
3220          5
3221          5
3222          6
3223          4
3224          4
3225          6
3226          6
3227          6
3228          4
3229          5
3230          6
3231          6
3232          6
3233          6
3234          6
3235          3
3236          6
3237          4
3238          5
3239          4
3240          5
3241          5
3242          4
3243          6
3244          6
3245          5
3246          6
3247          4
3248          5
3249          5
3250          4
3251          5
3252          6
3253          6
3254          6
3255          5
3256          4
3257          5
3258          4
3259          6
3260          5
3261          6
3262          5
3263          6
3264          6
3265          5
3266          6
3267          6
3268          4
3269          5
3270          6
3271          5
3272          5
3273          5
3274          4
3275          5
3276          6
3277          5
3278          5
3279          6
3280          5
3281          6
3282          4
3283          6
3284          5
3285          5
3286          6
3287          6
3288          6
3289          5
3290          6
3291          5
3292          6
3293          4
3294          4
3295          4
3296          5
3297          5
3298          5
3299          6
3300          5
3301          6
3302          4
3303          5
3304          5
3305          5
3306          6
3307          6
3308          6
3309          6
3310          5
3311          6
3312          6
3313          6
3314          5
3315          5
3316          5
3317          5
3318          5
3319          6
3320          5
3321          6
3322          5
3323          5
3324          4
3325          5
3326          5
3327          5
3328          6
3329          5
3330          6
3331          5
3332          5
3333          5
3334          6
3335          5
3336          6
3337          6
3338          6
3339          4
3340          5
3341          7
3342          4
3343          6
3344          7
3345          6
3346          5
3347          5
3348          4
3349          6
3350          4
3351          5
3352          6
3353          4
3354          6
3355          6
3356          6
3357          4
3358          5
3359          6
3360          4
3361          5
3362          6
3363          5
3364          6
3365          2
3366          6
3367          4
3368          5
3369          6
3370          5
3371          5
3372          6
3373          5
3374          6
3375          5
3376          4
3377          6
3378          6
3379          6
3380          5
3381          5
3382          5
3383          5
3384          6
3385          5
3386          5
3387          6
3388          5
3389          5
3390          5
3391          4
3392          6
3393          6
3394          5
3395          5
3396          6
3397          4
3398          5
3399          6
3400          5
3401          4
3402          5
3403          6
3404          5
3405          6
3406          5
3407          6
3408          5
3409          5
3410          5
3411          6
3412          6
3413          6
3414          5
3415          5
3416          5
3417          5
3418          6
3419          4
3420          4
3421          6
3422          5
3423          6
3424          5
3425          4
3426          4
3427          5
3428          5
3429          5
3430          5
3431          5
3432          4
3433          5
3434          6
3435          6
3436          6
3437          7
3438          5
3439          6
3440          6
3441          5
3442          6
3443          5
3444          5
3445          5
3446          5
3447          6
3448          5
3449          5
3450          5
3451          6
3452          6
3453          5
3454          6
3455          6
3456          5
3457          5
3458          6
3459          4
3460          5
3461          4
3462          6
3463          5
3464          6
3465          5
3466          4
3467          5
3468          5
3469          6
3470          5
3471          6
3472          5
3473          4
3474          4
3475          5
3476          5
3477          6
3478          5
3479          6
3480          5
3481          6
3482          5
3483          6
3484          5
3485          6
3486          6
3487          6
3488          6
3489          5
3490          5
3491          4
3492          5
3493          6
3494          5
3495          6
3496          6
3497          4
3498          5
3499          7
3500          6
3501          5
3502          5
3503          5
3504          5
3505          6
3506          4
3507          6
3508          6
3509          4
3510          6
3511          5
3512          6
3513          4
3514          6
3515          6
3516          6
3517          6
3518          6
3519          6
3520          5
3521          5
3522          5
3523          4
3524          6
3525          5
3526          6
3527          6
3528          5
3529          3
3530          5
3531          5
3532          6
3533          1
3534          6
3535          4
3536          5
3537          6
3538          6
3539          5
3540          6
3541          3
3542          6
3543          4
3544          6
3545          5
3546          5
3547          5
3548          5
3549          6
3550          5
3551          6
3552          6
3553          5
3554          5
3555          5
3556          6
3557          6
3558          4
3559          4
3560          6
3561          6
3562          5
3563          6
3564          6
3565          5
3566          5
3567          5
3568          5
3569          4
3570          6
3571          5
3572          6
3573          5
3574          7
3575          6
3576          6
3577          6
3578          5
3579          5
3580          5
3581          6
3582          5
3583          5
3584          5
3585          5
3586          5
3587          6
3588          6
3589          5
3590          5
3591          6
3592          6
3593          5
3594          6
3595          5
3596          4
3597          2
3598          5
3599          4
3600          5
3601          6
3602          6
3603          4
3604          6
3605          5
3606          5
3607          5
3608          6
3609          6
3610          4
3611          5
3612          5
3613          5
3614          6
3615          4
3616          4
3617          4
3618          6
3619          6
3620          6
3621          5
3622          6
3623          5
3624          4
3625          6
3626          4
3627          6
3628          6
3629          5
3630          5
3631          6
3632          5
3633          4
3634          5
3635          5
3636          6
3637          6
3638          5
3639          5
3640          4
3641          5
3642          5
3643          5
3644          6
3645          6
3646          5
3647          2
3648          5
3649          3
3650          6
3651          4
3652          5
3653          6
3654          5
3655          6
3656          4
3657          6
3658          4
3659          6
3660          6
3661          6
3662          5
3663          5
3664          6
3665          4
3666          6
3667          5
3668          4
3669          6
3670          5
3671          5
3672          6
3673          6
3674          6
3675          6
3676          6
3677          5
3678          6
3679          4
3680          6
3681          5
3682          6
3683          6
3684          5
3685          6
3686          6
3687          5
3688          6
3689          6
3690          4
3691          5
3692          5
3693          6
3694          6
3695          4
3696          6
3697          4
3698          6
3699          5
3700          5
3701          5
3702          4
3703          6
3704          6
3705          5
3706          5
3707          5
3708          5
3709          5
3710          5
3711          6
3712          6
3713          6
3714          5
3715          5
3716          5
3717          5
3718          7
3719          5
3720          6
3721          4
3722          6
3723          5
3724          6
3725          5
3726          5
3727          6
3728          5
3729          5
3730          6
3731          5
3732          6
3733          5
3734          6
3735          5
3736          6
3737          6
3738          6
3739          5
3740          4
3741          5
3742          5
3743          5
3744          6
3745          6
3746          6
3747          6
3748          6
3749          6
3750          6
3751          6
3752          4
3753          6
3754          5
3755          5
3756          6
3757          5
3758          6
3759          4
3760          6
3761          7
3762          5
3763          5
3764          6
3765          6
3766          6
3767          5
3768          5
3769          6
3770          6
3771          5
3772          4
3773          4
3774          4
3775          6
3776          5
3777          6
3778          5
3779          6
3780          5
3781          5
3782          6
3783          4
3784          4
3785          4
3786          5
3787          6
3788          6
3789          5
3790          4
3791          6
3792          5
3793          4
3794          6
3795          4
3796          6
3797          5
3798          6
3799          5
3800          7
3801          6
3802          5
3803          3
3804          5
3805          5
3806          4
3807          5
3808          6
3809          4
3810          5
3811          6
3812          7
3813          5
3814          6
3815          6
3816          7
3817          6
3818          6
3819          4
3820          6
3821          6
3822          5
3823          6
3824          6
3825          5
3826          5
3827          5
3828          6
3829          5
3830          3
3831          6
3832          6
3833          6
3834          6
3835          5
3836          6
3837          3
3838          4
3839          5
3840          6
3841          5
3842          6
3843          6
3844          7
3845          5
3846          6
3847          5
3848          5
3849          5
3850          7
3851          5
3852          4
3853          5
3854          6
3855          2
3856          5
3857          5
3858          5
3859          5
3860          5
3861          5
3862          5
3863          5
3864          5
3865          6
3866          6
3867          5
3868          6
3869          5
3870          4
3871          6
3872          5
3873          5
3874          6
3875          6
3876          6
3877          5
3878          5
3879          5
3880          5
3881          5
3882          5
3883          5
3884          5
3885          6
3886          6
3887          4
3888          4
3889          5
3890          6
3891          5
3892          4
3893          5
3894          6
3895          4
3896          6
3897          5
3898          5
3899          5
3900          6
3901          5
3902          5
3903          5
3904          6
3905          5
3906          6
3907          6
3908          4
3909          6
3910          5
3911          5
3912          5
3913          2
3914          6
3915          5
3916          6
3917          5
3918          5
3919          5
3920          5
3921          6
3922          3
3923          4
3924          5
3925          5
3926          4
3927          5
3928          6
3929          5
3930          5
3931          5
3932          4
3933          5
3934          4
3935          6
3936          6
3937          4
3938          6
3939          5
3940          6
3941          6
3942          5
3943          6
3944          6
3945          4
3946          6
3947          5
3948          3
3949          5
3950          5
3951          4
3952          2
3953          6
3954          6
3955          7
3956          6
3957          6
3958          3
3959          4
3960          6
3961          4
3962          5
3963          5
3964          6
3965          6
3966          5
3967          6
3968          4
3969          5
3970          5
3971          4
3972          6
3973          6
3974          5
3975          5
3976          5
3977          5
3978          5
3979          6
3980          5
3981          6
3982          4
3983          4
3984          6
3985          6
3986          4
3987          6
3988          5
3989          6
3990          6
3991          5
3992          6
3993          6
3994          6
3995          6
3996          5
3997          6
3998          5
3999          6
4000          5
4001          5
4002          5
4003          6
4004          6
4005          5
4006          6
4007          6
4008          5
4009          6
4010          6
4011          6
4012          6
4013          5
4014          4
4015          5
4016          5
4017          7
4018          6
4019          5
4020          5
4021          6
4022          5
4023          6
4024          5
4025          5
4026          5
4027          5
4028          6
4029          5
4030          6
4031          5
4032          5
4033          6
4034          4
4035          4
4036          4
4037          4
4038          6
4039          5
4040          5
4041          4
4042          6
4043          5
4044          6
4045          5
4046          5
4047          6
4048          6
4049          6
4050          5
4051          5
4052          5
4053          4
4054          5
4055          6
4056          6
4057          6
4058          6
4059          5
4060          5
4061          5
4062          5
4063          6
4064          5
4065          5
4066          5
4067          6
4068          6
4069          6
4070          4
4071          4
4072          4
4073          6
4074          5
4075          5
4076          5
4077          6
4078          5
4079          5
4080          5
4081          5
4082          5
4083          6
4084          5
4085          5
4086          6
4087          4
4088          6
4089          6
4090          5
4091          5
4092          5
4093          5
4094          6
4095          5
4096          6
4097          6
4098          5
4099          5
4100          6
4101          6
4102          6
4103          6
4104          5
4105          6
4106          5
4107          5
4108          5
4109          3
4110          6
4111          5
4112          5
4113          5
4114          6
4115          5
4116          5
4117          5
4118          6
4119          6
4120          6
4121          5
4122          5
4123          6
4124          5
4125          6
4126          4
4127          6
4128          6
4129          6
4130          6
4131          6
4132          6
4133          5
4134          6
4135          6
4136          5
4137          5
4138          5
4139          6
4140          5
4141          4
4142          6
4143          6
4144          6
4145          7
4146          6
4147          4
4148          5
4149          5
4150          6
4151          6
4152          5
4153          5
4154          5
4155          5
4156          5
4157          6
4158          5
4159          6
4160          6
4161          5
4162          5
4163          5
4164          6
4165          6
4166          6
4167          6
4168          6
4169          5
4170          6
4171          6
4172          6
4173          6
4174          6
4175          4
4176          6
4177          5
4178          5
4179          3
4180          5
4181          5
4182          6
4183          5
4184          6
4185          5
4186          5
4187          5
4188          5
4189          4
4190          5
4191          5
4192          5
4193          5
4194          5
4195          6
4196          5
4197          5
4198          6
4199          4
4200          5
4201          6
4202          6
4203          3
4204          6
4205          5
4206          5
4207          5
4208          6
4209          6
4210          5
4211          6
4212          6
4213          4
4214          5
4215          5
4216          6
4217          5
4218          4
4219          4
4220          6
4221          4
4222          6
4223          4
4224          5
4225          6
4226          4
4227          6
4228          6
4229          6
4230          5
4231          6
4232          4
4233          5
4234          5
4235          6
4236          6
4237          5
4238          5
4239          4
4240          5
4241          5
4242          6
4243          4
4244          6
4245          6
4246          5
4247          5
4248          5
4249          6
4250          7
4251          5
4252          5
4253          5
4254          6
4255          5
4256          5
4257          5
4258          5
4259          5
4260          6
4261          6
4262          6
4263          4
4264          5
4265          6
4266          5
4267          6
4268          5
4269          4
4270          5
4271          6
4272          6
4273          6
4274          5
4275          6
4276          6
4277          4
4278          5
4279          4
4280          5
4281          6
4282          6
4283          5
4284          5
4285          5
4286          6
4287          6
4288          5
4289          5
4290          4
4291          5
4292          6
4293          5
4294          5
4295          6
4296          4
4297          5
4298          5
4299          6
4300          5
4301          6
4302          5
4303          6
4304          6
4305          6
4306          6
4307          6
4308          5
4309          6
4310          4
4311          6
4312          6
4313          5
4314          6
4315          5
4316          5
4317          3
4318          5
4319          5
4320          5
4321          6
4322          6
4323          5
4324          5
4325          5
4326          6
4327          5
4328          5
4329          6
4330          4
4331          7
4332          5
4333          4
4334          3
4335          5
4336          5
4337          5
4338          5
4339          6
4340          5
4341          6
4342          6
4343          5
4344          5
4345          4
4346          6
4347          5
4348          6
4349          4
4350          6
4351          7
4352          7
4353          3
4354          6
4355          5
4356          4
4357          5
4358          5
4359          6
4360          5
4361          6
4362          4
4363          6
4364          6
4365          5
4366          5
4367          6
4368          4
4369          4
4370          5
4371          6
4372          5
4373          5
4374          6
4375          6
4376          6
4377          5
4378          3
4379          5
4380          6
4381          3
4382          5
4383          4
4384          5
4385          4
4386          4
4387          4
4388          6
4389          6
4390          3
4391          6
4392          6
4393          5
4394          6
4395          6
4396          4
4397          5
4398          5
4399          6
4400          6
4401          5
4402          5
4403          5
4404          4
4405          5
4406          4
4407          5
4408          5
4409          6
4410          6
4411          6
4412          4
4413          5
4414          4
4415          4
4416          5
4417          6
4418          6
4419          4
4420          5
4421          5
4422          5
4423          5
4424          6
4425          6
4426          6
4427          6
4428          6
4429          5
4430          5
4431          7
4432          6
4433          6
4434          5
4435          4
4436          6
4437          6
4438          6
4439          6
4440          5
4441          4
4442          4
4443          5
4444          5
4445          5
4446          4
4447          5
4448          6
4449          5
4450          5
4451          6
4452          4
4453          6
4454          5
4455          4
4456          3
4457          5
4458          5
4459          6
4460          6
4461          7
4462          4
4463          5
4464          5
4465          4
4466          5
4467          7
4468          6
4469          6
4470          4
4471          6
4472          6
4473          3
4474          3
4475          6
4476          5
4477          6
4478          5
4479          6
4480          4
4481          5
4482          5
4483          6
4484          5
4485          6
4486          3
4487          7
4488          6
4489          6
4490          6
4491          6
4492          5
4493          6
4494          7
4495          6
4496          5
4497          6
4498          7
4499          6
4500          6
4501          4
4502          6
4503          5
4504          6
4505          5
4506          5
4507          6
4508          5
4509          6
4510          5
4511          5
4512          5
4513          6
4514          6
4515          4
4516          5
4517          5
4518          5
4519          5
4520          6
4521          5
4522          7
4523          6
4524          5
4525          7
4526          6
4527          5
4528          4
4529          6
4530          5
4531          5
4532          6
4533          6
4534          3
4535          3
4536          6
4537          5
4538          5
4539          6
4540          6
4541          5
4542          6
4543          5
4544          5
4545          6
4546          5
4547          6
4548          7
4549          6
4550          4
4551          6
4552          5
4553          3
4554          5
4555          6
4556          5
4557          4
4558          6
4559          6
4560          4
4561          5
4562          6
4563          5
4564          5
4565          5
4566          6
4567          5
4568          5
4569          4
4570          4
4571          5
4572          7
4573          5
4574          5
4575          4
4576          7
4577          5
4578          6
4579          7
4580          6
4581          3
4582          5
4583          6
4584          6
4585          5
4586          6
4587          6
4588          6
4589          5
4590          6
4591          6
4592          6
4593          5
4594          6
4595          6
4596          6
4597          6
4598          4
4599          5
4600          6
4601          6
4602          7
4603          5
4604          5
4605          6
4606          5
4607          6
4608          5
4609          6
4610          5
4611          6
4612          4
4613          6
4614          6
4615          5
4616          6
4617          6
4618          6
4619          5
4620          6
4621          6
4622          6
4623          4
4624          5
4625          4
4626          5
4627          4
4628          5
4629          6
4630          5
4631          4
4632          4
4633          5
4634          6
4635          6
4636          5
4637          5
4638          5
4639          6
4640          5
4641          6
4642          6
4643          5
4644          4
4645          6
4646          7
4647          6
4648          4
4649          6
4650          5
4651          5
4652          6
4653          6
4654          6
4655          6
4656          5
4657          5
4658          5
4659          6
4660          6
4661          5
4662          6
4663          6
4664          5
4665          5
4666          5
4667          5
4668          6
4669          7
4670          5
4671          5
4672          6
4673          5
4674          5
4675          7
4676          4
4677          5
4678          6
4679          5
4680          6
4681          6
4682          4
4683          5
4684          6
4685          5
4686          5
4687          5
4688          5
4689          5
4690          6
4691          5
4692          5
4693          6
4694          6
4695          6
4696          4
4697          6
4698          6
4699          4
4700          6
4701          6
4702          3
4703          5
4704          6
4705          3
4706          5
4707          6
4708          5
4709          6
4710          4
4711          7
4712          4
4713          6
4714          5
4715          5
4716          4
4717          6
4718          6
4719          6
4720          4
4721          6
4722          4
4723          6
4724          5
4725          5
4726          6
4727          5
4728          5
4729          4
4730          4
4731          4
4732          6
4733          6
4734          5
4735          3
4736          4
4737          5
4738          5
4739          5
4740          5
4741          3
4742          6
4743          5
4744          6
4745          6
4746          5
4747          6
4748          5
4749          6
4750          6
4751          5
4752          5
4753          2
4754          5
4755          5
4756          6
4757          6
4758          6
4759          6
4760          6
4761          5
4762          5
4763          5
4764          5
4765          5
4766          5
4767          6
4768          5
4769          5
4770          6
4771          6
4772          5
4773          4
4774          5
4775          5
4776          6
4777          6
4778          6
4779          5
4780          5
4781          5
4782          5
4783          6
4784          5
4785          6
4786          5
4787          6
4788          5
4789          5
4790          6
4791          6
4792          7
4793          6
4794          5
4795          6
4796          5
4797          6
4798          6
4799          4
4800          4
4801          5
4802          5
4803          5
4804          5
4805          6
4806          6
4807          5
4808          6
4809          6
4810          5
4811          6
4812          5
4813          6
4814          5
4815          4
4816          5
4817          4
4818          4
4819          6
4820          5
4821          6
4822          5
4823          4
4824          5
4825          4
4826          5
4827          6
4828          6
4829          5
4830          4
4831          5
4832          5
4833          5
4834          4
4835          6
4836          5
4837          5
4838          6
4839          6
4840          5
4841          6
4842          7
4843          6
4844          4
4845          6
4846          5
4847          4
4848          6
4849          5
4850          4
4851          6
4852          5
4853          6
4854          5
4855          5
4856          5
4857          6
4858          6
4859          4
4860          5
4861          5
4862          4
4863          5
4864          6
4865          4
4866          5
4867          5
4868          5
4869          5
4870          7
4871          5
4872          5
4873          6
4874          4
4875          6
4876          6
4877          6
4878          5
4879          5
4880          6
4881          6
4882          6
4883          4
4884          6
4885          6
4886          6
4887          6
4888          4
4889          6
4890          5
4891          6
4892          5
4893          5
4894          6
4895          5
4896          6
4897          4
4898          5
4899          5
4900          5
4901          5
4902          4
4903          4
4904          4
4905          5
4906          5
4907          6
4908          5
4909          5
4910          5
4911          6
4912          6
4913          6
4914          5
4915          6
4916          6
4917          5
4918          5
4919          5
4920          5
4921          4
4922          5
4923          5
4924          5
4925          5
4926          5
4927          5
4928          6
4929          5
4930          6
4931          5
4932          6
4933          5
4934          5
4935          5
4936          6
4937          5
4938          6
4939          6
4940          6
4941          5
4942          6
4943          6
4944          4
4945          6
4946          5
4947          6
4948          6
4949          6
4950          5
4951          4
4952          5
4953          5
4954          6
4955          6
4956          5
4957          6
4958          6
4959          6
4960          5
4961          5
4962          6
4963          5
4964          6
4965          6
4966          6
4967          6
4968          6
4969          5
4970          5
4971          5
4972          6
4973          7
4974          5
4975          4
4976          6
4977          4
4978          5
4979          5
4980          6
4981          6
4982          3
4983          5
4984          4
4985          5
4986          5
4987          5
4988          6
4989          6
4990          6
4991          5
4992          6
4993          4
4994          5
4995          6
4996          6
4997          4
4998          6
4999          5

